01-01-1990 00:00:00:000000	0.0	0.0	0.0	0.0	0.0	0.0	0.0	-0.0	1.0	0.0017567636289950923	8.512102786919992e-05	0.002499722159406922	3.552883917623095e-05	7.685529785454357e-05	1.000017729442761
01-01-1990 00:00:00:083333	0.0	0.0	0.0	0.0	0.0	0.0	0.0	-0.0	1.0	0.005426091816323494	0.0038070096297705535	-0.001250043485436753	7.66863497136582e-05	-5.509769960921505e-05	0.9999477335116235
01-01-1990 00:00:00:166666	0.0	0.0	0.0	0.0	0.0	0.0	0.0	-0.0	1.0	0.003966104614196644	0.001073641528516345	-0.002084826833540897	0.0001949276688423981	-1.0462472143643691e-05	0.9998850612295943
01-01-1990 00:00:00:249999	0.0	0.0	0.0	0.0	0.0	0.0	0.0	-0.0	1.0	0.0011730863725099262	-0.002705775240853016	-0.0002916893992267256	0.00012620422385012584	-4.165199367216487e-05	1.0000782823022512
01-01-1990 00:00:00:333332	0.0	0.0	0.0	0.0	0.0	0.0	0.0	-0.0	1.0	-0.004381964851942585	-0.0012384233640393716	-0.0013612742774481675	-1.5261214187551208e-05	-0.00020007397925713344	0.9999508820290588
01-01-1990 00:00:00:416665	0.0	0.0	0.0	0.0	0.0	0.0	0.0	-0.0	1.0	4.587247235283669e-05	-0.00030744478638740455	0.0020898594025146274	-4.157303769339812e-06	-3.127690398950376e-05	0.9999000550283927
01-01-1990 00:00:00:499998	0.0	0.0	0.0	0.0	0.0	0.0	0.0	-0.0	1.0	0.004027094113612882	-0.0030681913717635605	-0.0014940604054286572	-3.749165870699442e-05	5.9974474379249714e-05	0.9999345341358439
01-01-1990 00:00:00:583331	0.0	0.0	0.0	0.0	0.0	0.0	0.0	-0.0	1.0	0.0020430130721574135	0.0013904930752752973	-0.0056179186961178885	0.00010358424763987476	-3.254790334862813e-05	1.000183693253426
01-01-1990 00:00:00:666664	0.0	0.0	0.0	0.0	0.0	0.0	0.0	-0.0	1.0	0.0024546229707440663	-0.0030181830380999995	-0.0002740249020403093	-0.000169405794831676	-1.131168951689399e-05	1.0000702670851935
01-01-1990 00:00:00:749997	0.0	0.0	0.0	0.0	0.0	0.0	0.0	-0.0	1.0	-0.0007869962830182978	0.00035977538439456176	-0.0007231036616841814	-0.0001500076314475931	-0.00011440626863411265	0.9999196235882905
01-01-1990 00:00:00:833330	0.0	0.0	0.0	0.0	0.0	0.0	0.0	-0.0	1.0	0.0014895090989939875	0.0028270711630595164	0.0028218635848332387	7.014780265278402e-05	0.00014059061820780323	1.0000580929609695
01-01-1990 00:00:00:916663	0.0	0.0	0.0	0.0	0.0	0.0	0.0	-0.0	1.0	-0.001310780692469354	0.0013562623629309815	-0.0007102555107342519	-4.325302158012842e-05	8.15679288003698e-05	0.9999225686560431
01-01-1990 00:00:00:999996	0.0	0.0	0.0	0.0	0.0	0.0	0.0	-0.0	1.0	0.00011088884367937755	0.00038997480933017245	-0.0005014085763241485	-5.1558207285733686e-05	9.254393057130946e-05	0.9999989518114051
01-01-1990 00:00:01:083329	0.0	0.0	0.0	0.0	0.0	0.0	0.0	-0.0	1.0	0.0003246072569089635	-0.0010193985648272938	-0.003679995724222016	0.00021109205111195505	1.6296494725996444e-05	1.0001573833855562
01-01-1990 00:00:01:166662	0.0	0.0	0.0	0.0	0.0	0.0	0.0	-0.0	1.0	-0.001032707770166707	0.0008215044682548541	0.0027283287466700547	-8.793160045150369e-05	-4.952706948543325e-05	1.0000022576434897
01-01-1990 00:00:01:249995	0.0	0.0	0.0	0.0	0.0	0.0	0.0	-0.0	1.0	-0.0024913487078054245	0.003117206906386687	-0.0032243843902699542	-3.145267305209287e-05	8.921463312228808e-05	1.0001478406133628
01-01-1990 00:00:01:333328	0.0	0.0	0.0	0.0	0.0	0.0	0.0	-0.0	1.0	-0.002760817468649839	0.004183198915983991	0.004812984105717154	-0.00015016755733858716	-0.00021391874543146903	0.9999653753070551
01-01-1990 00:00:01:416661	0.0	0.0	0.0	0.0	0.0	0.0	0.0	-0.0	1.0	0.00041580458164931436	0.0035176703365835628	-0.0001738634794459216	-7.311987968414882e-05	-4.132614232616316e-05	0.9999842885785534
01-01-1990 00:00:01:499994	0.0	0.0	0.0	0.0	0.0	0.0	0.0	-0.0	1.0	-0.0026260428094777495	0.0024420086092575006	-0.0018893138570475444	6.899070950811547e-05	-2.7677572708261755e-05	1.0001848709553811
01-01-1990 00:00:01:583327	0.0	0.0	0.0	0.0	0.0	0.0	0.0	-0.0	1.0	-0.0002484583750789762	-0.0005561824817860657	0.001677524946479613	-0.0001555839675296291	-0.00014247191865053005	1.000212830410695
01-01-1990 00:00:01:666660	0.0	0.0	0.0	0.0	0.0	0.0	0.0	-0.0	1.0	0.000569915678712939	-0.005855214755816844	0.0008080409327120194	-5.209124700874279e-05	-0.00023295184613262895	1.0002407945288678
01-01-1990 00:00:01:749993	0.0	0.0	0.0	0.0	0.0	0.0	0.0	-0.0	1.0	0.001435953901336459	0.0022138436501936897	0.0016430262829689039	8.00813120654138e-05	-6.4549043521213785e-06	1.0000386515813011
01-01-1990 00:00:01:833326	0.0	0.0	0.0	0.0	0.0	0.0	0.0	-0.0	1.0	-0.00249468924969718	-0.0013742889270777605	-0.0001411952804096398	0.00021427580762810707	-5.720644357281966e-05	0.9998450567147174
01-01-1990 00:00:01:916659	0.0	0.0	0.0	0.0	0.0	0.0	0.0	-0.0	1.0	-0.00035685957565669886	0.0001465072005390921	0.002397840888259383	-3.8680055382856974e-05	0.00014757736737388104	1.0000066583457479
01-01-1990 00:00:01:999992	0.0	0.0	0.0	0.0	0.0	0.0	0.0	-0.0	1.0	-0.003474478706204944	-0.0033754788194126127	0.006308002483459068	9.684553055618373e-05	-0.00031816683410227124	1.0000400646402856
01-01-1990 00:00:02:083325	0.0	0.0	0.0	0.0	0.0	0.0	0.0	-0.0	1.0	0.0013944908519446704	0.0001362427388173277	-0.002179988089681629	2.1016661083619145e-05	0.0001029071599927308	1.0002181463797413
01-01-1990 00:00:02:166658	0.0	0.0	0.0	0.0	0.0	0.0	0.0	-0.0	1.0	-0.0034661469725445096	0.0011872407941755391	0.005701138741137695	-6.169445303176516e-05	-2.005799915038952e-05	0.9998490118710782
01-01-1990 00:00:02:249991	0.0	0.0	0.0	0.0	0.0	0.0	0.0	-0.0	1.0	-0.0010626385592819223	-0.0027873095584817114	-0.002355753335205273	9.280547754110513e-05	2.6332321477869697e-06	0.9998918336995396
01-01-1990 00:00:02:333324	0.0	0.0	0.0	0.0	0.0	0.0	0.0	-0.0	1.0	-0.002175072307925971	0.0036075103780765193	-0.001886694072940512	9.049560715011805e-06	-0.00019780051380253975	0.9998869889129416
01-01-1990 00:00:02:416657	0.0	0.0	0.0	0.0	0.0	0.0	0.0	-0.0	1.0	-0.0032784233868994998	0.001632182395302582	0.005321749003974768	-7.984450366696332e-06	-0.00012535649584802965	1.0000231262917811
01-01-1990 00:00:02:499990	0.0	0.0	0.0	0.0	0.0	0.0	0.0	-0.0	1.0	-0.0002692550173670624	-0.0030659115458149242	-0.0010004935681565542	4.35478647360253e-05	-1.6699449165455968e-06	0.9999000179830629
01-01-1990 00:00:02:583323	0.0	0.0	0.0	0.0	0.0	0.0	0.0	-0.0	1.0	-0.007837252756908289	0.0058535776288648434	-0.0005061119004072057	8.320492218301693e-05	0.00013761524563059478	1.000188807260189
01-01-1990 00:00:02:666656	0.0	0.0	0.0	0.0	0.0	0.0	0.0	-0.0	1.0	0.006995050082320273	0.001894586097768427	0.002594507599612528	5.930677512888655e-05	1.6465181420719074e-05	0.9999620373036322
01-01-1990 00:00:02:749989	0.0	0.0	0.0	0.0	0.0	0.0	0.0	-0.0	1.0	0.0010255204802680086	-0.0022525951719391847	-0.00017754892675117832	6.621860471812387e-06	3.073434043817915e-05	1.0000469578615596
01-01-1990 00:00:02:833322	0.0	0.0	0.0	0.0	0.0	0.0	0.0	-0.0	1.0	0.0006053685647317347	-0.001394442196190716	-0.0021523087234294864	5.0933543938508576e-05	0.00021602582743067495	0.9999647225719712
01-01-1990 00:00:02:916655	0.0	0.0	0.0	0.0	0.0	0.0	0.0	-0.0	1.0	0.0020966353132101686	0.000830377648760452	-0.001791808065562962	-8.678345821622442e-05	-1.7213020035287048e-05	0.999931216116641
01-01-1990 00:00:02:999988	0.0	0.0	0.0	0.0	0.0	0.0	0.0	-0.0	1.0	-0.0025393539128819656	-0.0003179126603815286	-0.0011556634623977862	-7.59886716407214e-05	-5.179157708812633e-05	0.9999353016150521
01-01-1990 00:00:03:083321	0.0	0.0	0.0	0.0	0.0	0.0	0.0	-0.0	1.0	-0.00033299904720232267	0.0009647584122675685	-0.0006176710397413253	5.141727984184213e-05	4.357539529867032e-05	0.9999956890553549
01-01-1990 00:00:03:166654	0.0	0.0	0.0	0.0	0.0	0.0	0.0	-0.0	1.0	-0.0013896177777281968	0.0020312123375076487	0.0002940266235800539	3.431931905239041e-05	1.29859306434645e-05	0.9999193223965056
01-01-1990 00:00:03:249987	0.0	0.0	0.0	0.0	0.0	0.0	0.0	-0.0	1.0	0.006548331934986727	-0.0005438761231629567	-0.0009524869787111053	2.0382265136526767e-05	6.084933759199102e-05	1.000206317555727
01-01-1990 00:00:03:333320	0.0	0.0	0.0	0.0	0.0	0.0	0.0	-0.0	1.0	-0.0034124063431758816	-0.005113901389044136	-0.005798679573896967	2.445325412572294e-05	-0.00011417171366666683	1.0000543391149228
01-01-1990 00:00:03:416653	0.0	0.0	0.0	0.0	0.0	0.0	0.0	-0.0	1.0	0.00014550018750473785	-0.001330296881840269	0.006386669079076062	1.3400032145323086e-05	0.00014212105968458108	0.999901058618824
01-01-1990 00:00:03:499986	0.0	0.0	0.0	0.0	0.0	0.0	0.0	-0.0	1.0	0.0015960997645309584	-0.0030827473925879247	0.0015985451836830517	-1.9486029140280788e-05	-6.399313868049171e-05	0.9999077628649724
01-01-1990 00:00:03:583319	0.0	0.0	0.0	0.0	0.0	0.0	0.0	-0.0	1.0	-0.00037160952657968476	0.002577272450460819	-0.0008873346709064717	4.357777548977558e-05	-0.00014771278998192364	1.0001012296601501
01-01-1990 00:00:03:666652	0.0	0.0	0.0	0.0	0.0	0.0	0.0	-0.0	1.0	-0.001984342832317155	-0.0007162637253401544	0.0021746467775625913	3.0652863653421346e-05	-3.599364924929196e-05	0.9999960340437365
01-01-1990 00:00:03:749985	0.0	0.0	0.0	0.0	0.0	0.0	0.0	-0.0	1.0	5.4842640399434804e-05	0.0018602616640233187	-0.0010107968988265666	-7.92813524042128e-05	0.0002296349509687696	0.9999305412687898
01-01-1990 00:00:03:833318	0.0	0.0	0.0	0.0	0.0	0.0	0.0	-0.0	1.0	0.00031046700017028754	-0.0011680430417764097	-0.0008963413541302903	-6.433900999677603e-06	3.172660067214386e-05	1.0001964605842486
01-01-1990 00:00:03:916651	0.0	0.0	0.0	0.0	0.0	0.0	0.0	-0.0	1.0	0.0012211000056471613	0.0008392795780327848	-0.0033632639014861397	4.836571794243621e-05	1.5848139324379878e-05	1.0000928448997477
01-01-1990 00:00:03:999984	90	0	0	0.0	0.0	0.0	0.0	-0.0	1.0	89.99968727716667	0.003635940132311882	0.002754178758638134	-7.008864749207235e-05	-1.787871657187009e-05	0.9999441384837654
01-01-1990 00:00:04:083317	90	0	0	7.5	0.0	0.0	0.13052619222005157	-0.0	0.9914448613738104	89.99847977718764	-0.0004338409817636255	0.0013738953723040723	0.1306908284024355	7.706460705690039e-05	0.9914420112888254
01-01-1990 00:00:04:166650	90	0	0	15.0	0.0	0.0	0.25881904510252074	-0.0	0.9659258262890683	89.99927806913708	0.0003736023060599788	-0.0010497884777502956	0.2588985071844831	6.442085575083003e-05	0.9657997874106721
01-01-1990 00:00:04:249983	90	0	0	22.5	0.0	0.0	0.3826834323650898	-0.0	0.9238795325112867	89.99765750581768	0.0036129738248549086	-0.0025245114038138115	0.38288963740194865	9.734768956133544e-05	0.9238962917068816
01-01-1990 00:00:04:333316	90	0	0	30.0	0.0	0.0	0.49999999999999994	-0.0	0.8660254037844387	89.99795901225835	-0.0025987455639852196	-0.002702593678497654	0.5000147523249783	4.082128073489385e-05	0.8662599396508635
01-01-1990 00:00:04:416649	90	0	0	37.5	0.0	0.0	0.6087614290087207	-0.0	0.7933533402912352	90.00341286396392	0.0009062210940383907	-0.0005374469618332733	0.608586254435293	2.3975937827536763e-05	0.7933577057494092
01-01-1990 00:00:04:499982	90	0	0	45.0	0.0	0.0	0.7071067811865475	-0.0	0.7071067811865476	90.00338776640548	0.00046302522927356795	0.0004071875726075603	0.7072014145177397	3.6505815807468865e-05	0.7071002119704146
01-01-1990 00:00:04:583315	90	0	0	52.5	0.0	0.0	0.7933533402912352	-0.0	0.6087614290087207	90.00066645563162	0.004746710780358902	-0.0007320550776917072	0.7930941523177374	0.0002809154122741056	0.6087940797919185
01-01-1990 00:00:04:666648	90	0	0	60.0	0.0	0.0	0.8660254037844386	-0.0	0.5000000000000001	90.00132882754927	0.007807720104554565	0.002393489410453652	0.8661411488959502	-6.710400451743749e-05	0.4998169881807913
01-01-1990 00:00:04:749981	90	0	0	67.5	0.0	0.0	0.9238795325112867	-0.0	0.38268343236508984	89.99973666548131	0.00015886514488490123	0.0012129471344662908	0.9240046885612847	-6.854715769694818e-05	0.38268676581380817
01-01-1990 00:00:04:833314	90	0	0	75.0	0.0	0.0	0.9659258262890683	-0.0	0.25881904510252074	90.00414752552317	0.00240838950788114	0.0033925372361375884	0.9658299115306286	8.161314600779164e-05	0.2589024820897872
01-01-1990 00:00:04:916647	90	0	0	82.5	0.0	0.0	0.9914448613738104	-0.0	0.1305261922200517	89.99994622925718	-0.0001463338377522841	0.0021465641927449802	0.9914935131836117	-0.00013785317849782666	0.130507994134527
01-01-1990 00:00:04:999980	90	0	0	90.0	0.0	0.0	1.0	-0.0	6.123233995736766e-17	89.99996215874661	3.688189406250176e-05	-0.0033482094295760457	0.9999491455795165	-3.4502276423036746e-05	9.454565142040095e-05
01-01-1990 00:00:05:083313	0	0	0	97.5	0.0	0.0	0.9914448613738104	-0.0	-0.1305261922200516	-0.0007999080910528383	0.007430387334749415	0.0007503788106784731	0.9916203540612936	-0.0001365699940600662	-0.1305382561544123
01-01-1990 00:00:05:166646	0	0	0	97.5	0.0	0.0	0.9914448613738104	-0.0	-0.1305261922200516	0.00016272530682672314	-0.005610785818786684	0.002217338973456679	0.9914966393215038	1.3585075509609368e-05	-0.13042011539734594
01-01-1990 00:00:05:249979	0	0	0	97.5	0.0	0.0	0.9914448613738104	-0.0	-0.1305261922200516	-0.0022224552725480704	2.5053830616090423e-05	0.0025059573725229544	0.9915081488514326	6.226001736444706e-05	-0.13052425671159457
01-01-1990 00:00:05:333312	0	0	0	97.5	0.0	0.0	0.9914448613738104	-0.0	-0.1305261922200516	-9.204537780516449e-05	-0.0025668666580209135	-0.0029540972232645173	0.9915839355006973	8.6620188813165e-05	-0.13049399504914955
01-01-1990 00:00:05:416645	0	0	0	97.5	0.0	0.0	0.9914448613738104	-0.0	-0.1305261922200516	-0.0009094756759944288	0.0015356157089637904	-0.0002954465545149455	0.9914941399851476	5.788823907530411e-06	-0.1304763888771793
01-01-1990 00:00:05:499978	0	0	0	97.5	0.0	0.0	0.9914448613738104	-0.0	-0.1305261922200516	-0.0016398295588587759	-0.0016682783080589837	0.0029687883736025556	0.9915206775208802	4.602991635455461e-05	-0.13047145573998034
01-01-1990 00:00:05:583311	0	0	0	97.5	0.0	0.0	0.9914448613738104	-0.0	-0.1305261922200516	-0.0023140979597132856	-0.0009632125694067345	0.004092431802506433	0.9914171123707529	-3.762309483066026e-05	-0.13046314695949734
01-01-1990 00:00:05:666644	0	0	0	97.5	0.0	0.0	0.9914448613738104	-0.0	-0.1305261922200516	-0.003479303084982841	0.004878015816088964	0.0031693667778367155	0.9914629046262665	-2.6991723360779963e-05	-0.13060946732664194
01-01-1990 00:00:05:749977	0	0	0	97.5	0.0	0.0	0.9914448613738104	-0.0	-0.1305261922200516	-0.0013612053357131525	-0.0035908333736432286	-0.005106963930348012	0.9915855233150231	-1.5180559500440289e-05	-0.13039806728855566
01-01-1990 00:00:05:833310	0	0	0	97.5	0.0	0.0	0.9914448613738104	-0.0	-0.1305261922200516	-0.0038013133210079895	0.0015431286490173491	-0.0006585904613814518	0.9915668551712264	3.950389799153494e-05	-0.13048461131761785
01-01-1990 00:00:05:916643	0	0	0	97.5	0.0	0.0	0.9914448613738104	-0.0	-0.1305261922200516	0.0025907581840949384	0.00032094753865873516	-0.0011755246967801339	0.9914421471098298	0.00010807669850078312	-0.13040118355998825
01-01-1990 00:00:05:999976	0	0	0	97.5	0.0	0.0	0.9914448613738104	-0.0	-0.1305261922200516	-0.000634213587981299	0.0007853875294400458	-0.0043002917651075116	0.9913730585281769	-7.671187202111319e-05	-0.1307629951825876
01-01-1990 00:00:06:083309	0	0	0	97.5	0.0	0.0	0.9914448613738104	-0.0	-0.1305261922200516	-0.0012792543116956938	0.0019004051369040339	0.0029113736386884976	0.9914116680937862	-5.206844776533426e-05	-0.1304841470551996
01-01-1990 00:00:06:166642	0	0	0	97.5	0.0	0.0	0.9914448613738104	-0.0	-0.1305261922200516	0.0008722271519447692	-0.005554028758480949	0.000605385433195165	0.9913662008561811	-5.910134287632797e-06	-0.13034519858053034
01-01-1990 00:00:06:249975	0	0	0	97.5	0.0	0.0	0.9914448613738104	-0.0	-0.1305261922200516	-0.0035189165042194405	0.0007339405848829165	-0.0016193161643369906	0.9913287628799283	-0.0001333803915265893	-0.13051832896566243
01-01-1990 00:00:06:333308	0	0	0	97.5	0.0	0.0	0.9914448613738104	-0.0	-0.1305261922200516	0.0038188387844897867	-0.0024258900322121518	-0.0020039257592553575	0.9917076456850207	0.00010531696088921109	-0.13055656073514152
01-01-1990 00:00:06:416641	0	0	0	97.5	0.0	0.0	0.9914448613738104	-0.0	-0.1305261922200516	-0.0001800032201963871	0.0030573634013908962	-0.0023364243196222025	0.9914375970966509	-0.00011509741237775105	-0.13065642007067813
01-01-1990 00:00:06:499974	0	0	0	97.5	0.0	0.0	0.9914448613738104	-0.0	-0.1305261922200516	0.003282218197759064	0.0007071314128309176	-0.0039535764393582576	0.9914225587168584	3.3617201476643203e-05	-0.13046719731205922
01-01-1990 00:00:06:583307	0	0	0	97.5	0.0	0.0	0.9914448613738104	-0.0	-0.1305261922200516	-0.0014732505529991868	-0.005559816364582754	-0.001507418182849601	0.9914626574408199	-0.0001042583703900113	-0.13043822830543697
01-01-1990 00:00:06:666640	0	0	0	97.5	0.0	0.0	0.9914448613738104	-0.0	-0.1305261922200516	-0.0025053867346508897	-0.0021281578706552865	0.00048018510955784256	0.9914818084630092	-0.00011392158633662055	-0.13058934055651805
01-01-1990 00:00:06:749973	0	0	0	97.5	0.0	0.0	0.9914448613738104	-0.0	-0.1305261922200516	0.004823867202771671	0.002979104433871306	-0.0005793565461299228	0.9915021465756042	-6.560161773909186e-05	-0.13044694395098322
01-01-1990 00:00:06:833306	0	0	0	97.5	0.0	0.0	0.9914448613738104	-0.0	-0.1305261922200516	-0.002625624697562492	-0.0005494533880940654	-0.003595558102666509	0.991454760161373	3.693508591094267e-06	-0.13064168770913248
01-01-1990 00:00:06:916639	0	0	0	97.5	0.0	0.0	0.9914448613738104	-0.0	-0.1305261922200516	-0.002318803835992909	-0.0015038428605450693	0.0022691549464839565	0.991487970343847	7.369239660321773e-06	-0.13042834269356424
01-01-1990 00:00:06:999972	0	0	0	97.5	0.0	0.0	0.9914448613738104	-0.0	-0.1305261922200516	-0.004208990220256583	0.00316630847019936	0.0006685295982293588	0.9913941751248073	4.0615106515180485e-06	-0.1305228362486567
01-01-1990 00:00:07:083305	0	0	0	97.5	0.0	0.0	0.9914448613738104	-0.0	-0.1305261922200516	0.0010528034758954046	0.002949281104674513	0.00015233546751487645	0.9915085277311944	0.00012767363525984616	-0.13040642534992247
01-01-1990 00:00:07:166638	0	0	0	97.5	0.0	0.0	0.9914448613738104	-0.0	-0.1305261922200516	0.0005791873493684246	0.001785218418923517	-0.002923813039804993	0.9915367807703018	0.0001611907641756444	-0.13072659262317285
01-01-1990 00:00:07:249971	0	0	0	97.5	0.0	0.0	0.9914448613738104	-0.0	-0.1305261922200516	-0.0010865686703084658	0.0015812614524264707	-0.0008938460513860046	0.9911843698287423	0.00015995970515102087	-0.13067644109129886
01-01-1990 00:00:07:333304	0	0	0	97.5	0.0	0.0	0.9914448613738104	-0.0	-0.1305261922200516	-0.002994408519342215	0.0015608834345495603	0.0017852135181261506	0.9913395220709549	6.738564872383768e-05	-0.1306110523228353
01-01-1990 00:00:07:416637	0	0	0	97.5	0.0	0.0	0.9914448613738104	-0.0	-0.1305261922200516	0.0014148303444390204	-0.0024869182227630253	-0.0013421840883875093	0.9913417202439642	1.7159034816933936e-05	-0.13054632679977957
01-01-1990 00:00:07:499970	0	0	0	97.5	0.0	0.0	0.9914448613738104	-0.0	-0.1305261922200516	-0.003216080750906498	-0.0011944225080185065	0.0020060115820629333	0.9915721649748934	0.00032139458798504484	-0.13047321705922516
01-01-1990 00:00:07:583303	0	0	0	97.5	0.0	0.0	0.9914448613738104	-0.0	-0.1305261922200516	0.0014069302933124549	-0.00013227107339378632	-0.002060766533619788	0.9914455669913116	3.26874741893715e-05	-0.13039857084337647
01-01-1990 00:00:07:666636	0	0	0	97.5	0.0	0.0	0.9914448613738104	-0.0	-0.1305261922200516	-0.00343358919325346	-0.0026210061234371762	-4.712355420119942e-05	0.99130561409861	-1.6114220531368813e-05	-0.13055611470638362
01-01-1990 00:00:07:749969	0	0	0	97.5	0.0	0.0	0.9914448613738104	-0.0	-0.1305261922200516	0.004268828985064429	-0.0029702038057956614	0.0020741477018791778	0.9913881278609507	0.00010487952171901403	-0.13057414333014605
01-01-1990 00:00:07:833302	0	0	0	97.5	0.0	0.0	0.9914448613738104	-0.0	-0.1305261922200516	-0.0025872058299537385	0.0012082319652988857	0.0012240683679938002	0.9913254722647823	-2.8275050631824352e-05	-0.1304493184686422
01-01-1990 00:00:07:916635	0	0	0	97.5	0.0	0.0	0.9914448613738104	-0.0	-0.1305261922200516	0.0006276515624701405	6.521380646893296e-05	-0.001982771017760889	0.9915625560501012	0.00014040952372887687	-0.13045473766215232
01-01-1990 00:00:07:999968	0	0	0	97.5	0.0	0.0	0.9914448613738104	-0.0	-0.1305261922200516	0.0012913846935134743	-0.0003308109741965561	-0.0029404169907112955	0.991562709653782	4.680073185640528e-05	-0.13055879917738938
01-01-1990 00:00:08:083301	0	0	0	97.5	0.0	0.0	0.9914448613738104	-0.0	-0.1305261922200516	0.0022617292420696053	0.00232338200256035	0.0044765288372199865	0.9915654086678897	8.61348815138514e-05	-0.13059821907932007
01-01-1990 00:00:08:166634	0	0	0	97.5	0.0	0.0	0.9914448613738104	-0.0	-0.1305261922200516	0.0006657677635592176	-0.0022237203686623786	0.0012780652320053005	0.9916668246268806	-3.8082096964789204e-05	-0.1305421056991134
01-01-1990 00:00:08:249967	0	0	0	97.5	0.0	0.0	0.9914448613738104	-0.0	-0.1305261922200516	-0.003210322012324613	-0.0003439305471418748	-0.0015257572764257239	0.991464202494715	-0.00012892978398124506	-0.1305792613998168
01-01-1990 00:00:08:333300	0	0	0	97.5	0.0	0.0	0.9914448613738104	-0.0	-0.1305261922200516	0.00394732881175753	-0.0028512174893979194	0.0029047807900379383	0.991410078895286	7.542810510044545e-05	-0.13051491492265369
01-01-1990 00:00:08:416633	0	0	0	97.5	0.0	0.0	0.9914448613738104	-0.0	-0.1305261922200516	0.001013822844239647	-0.0019121042611397363	-0.0008306767922450313	0.9915367900001288	0.00014259338645357505	-0.1304815052358618
01-01-1990 00:00:08:499966	0	0	0	97.5	0.0	0.0	0.9914448613738104	-0.0	-0.1305261922200516	4.927788240454485e-05	0.0012268074968415621	0.002462510131774048	0.9914311569874628	7.501494890368281e-05	-0.13057992662193144
01-01-1990 00:00:08:583299	0	0	0	97.5	0.0	0.0	0.9914448613738104	-0.0	-0.1305261922200516	0.004724697594419286	0.0006193667038788044	0.00011620309301057289	0.9913251742426763	5.655985947892047e-05	-0.13050005844277682
01-01-1990 00:00:08:666632	0	0	0	97.5	0.0	0.0	0.9914448613738104	-0.0	-0.1305261922200516	-0.001256953793723369	-0.001561053056152558	0.0024560909609573373	0.9912480307173682	-3.4649257311699264e-05	-0.13074588179685104
01-01-1990 00:00:08:749965	0	0	0	97.5	0.0	0.0	0.9914448613738104	-0.0	-0.1305261922200516	0.0007339775931287243	-0.0016541889914122056	0.0021726974012587384	0.9915618041968711	8.839318980244331e-05	-0.130595398548709
01-01-1990 00:00:08:833298	0	0	0	97.5	0.0	0.0	0.9914448613738104	-0.0	-0.1305261922200516	-0.000257706940671768	0.0006113914639183402	0.004684644518487478	0.9912710415628694	7.054628422089744e-05	-0.1306935447325775
01-01-1990 00:00:08:916631	0	0	0	97.5	0.0	0.0	0.9914448613738104	-0.0	-0.1305261922200516	0.0011456478425253276	-0.005298017182276844	0.0016783102420930378	0.9912571554752624	-0.0001350712843718564	-0.13070959459176582
01-01-1990 00:00:08:999964	0	0	0	97.5	0.0	0.0	0.9914448613738104	-0.0	-0.1305261922200516	-0.0017443252649576402	-0.0017385690371105856	0.002538692004998149	0.9913147412289816	0.00011846734059340843	-0.13040924172472537
01-01-1990 00:00:09:083297	90	0	0	97.5	0.0	0.0	0.9914448613738104	-0.0	-0.1305261922200516	89.99964675394278	0.0010670207086030926	0.0003019632378306866	0.9914843976959679	-1.8747845615836863e-05	-0.13036615977224666
01-01-1990 00:00:09:166630	90	0	0	105.0	0.0	0.0	0.9659258262890683	-0.0	-0.25881904510252085	89.99722769236898	-0.0013543543613910283	-0.002698784608713029	0.9658582098012007	0.00012097341586500793	-0.25883539971664343
01-01-1990 00:00:09:249963	90	0	0	112.5	0.0	0.0	0.9238795325112867	-0.0	-0.3826834323650897	89.99914025991193	0.0014802504487159646	0.0007002556143271437	0.923823697138705	0.00010051755034472427	-0.38258323307084846
01-01-1990 00:00:09:333296	90	0	0	120.0	0.0	0.0	0.8660254037844387	-0.0	-0.4999999999999998	90.0015686131216	0.0021902107052502017	-0.002811751711502693	0.8661261843051532	-9.881194218589431e-05	-0.5000959789217464
01-01-1990 00:00:09:416629	90	0	0	127.5	0.0	0.0	0.7933533402912352	-0.0	-0.6087614290087207	89.99949623793177	0.00225295244242696	-0.008225256305695603	0.7932384396012246	-2.7210055881399367e-05	-0.6086616532065127
01-01-1990 00:00:09:499962	90	0	0	135.0	0.0	0.0	0.7071067811865476	-0.0	-0.7071067811865475	89.99558931908918	-0.004851234875056352	-0.0008752579818726918	0.7068762961871216	5.919091193564884e-05	-0.7072456567907954
01-01-1990 00:00:09:583295	90	0	0	142.5	0.0	0.0	0.6087614290087209	-0.0	-0.793353340291235	90.00353339135035	-0.0018487423707583869	-0.0033959549322569367	0.6087867627382367	0.00010736025247713526	-0.7931586703055921
01-01-1990 00:00:09:666628	90	0	0	150.0	0.0	0.0	0.49999999999999994	-0.0	-0.8660254037844387	90.00071046178341	0.004062633453974425	-0.0002746885690515403	0.5000672634620777	0.00012373380559364326	-0.8659528450043341
01-01-1990 00:00:09:749961	90	0	0	157.5	0.0	0.0	0.3826834323650899	-0.0	-0.9238795325112867	89.99824582081266	0.0010427421257162108	0.001058330834866749	0.38270082086158935	9.353718099309048e-05	-0.9240787626655077
01-01-1990 00:00:09:833294	90	0	0	165.0	0.0	0.0	0.258819045102521	-0.0	-0.9659258262890682	90.00106175493114	0.0009717092846754668	0.00010490248179631254	0.2588610172365983	3.9894329789258505e-05	-0.9659870315149962
01-01-1990 00:00:09:916627	90	0	0	172.5	0.0	0.0	0.13052619222005157	-0.0	-0.9914448613738104	89.99939597308857	-0.0027707188148396976	-0.002797066485437268	0.1305801751329048	-9.869990109493357e-06	-0.9913676818294033
01-01-1990 00:00:09:999960	0	0	0	-180.0	0.0	0.0	-1.2246467991473532e-16	-0.0	-1.0	-0.0026884938130646375	0.0025936816917870595	-0.00020400350871592203	0.00019430984279975955	-6.133432958981791e-05	-0.9998907493318403
01-01-1990 00:00:10:083293	0	0	0	-180.0	0.0	0.0	-1.2246467991473532e-16	-0.0	-1.0	-2.8986177799110457e-05	0.000798212121333783	-0.003908183417408592	-9.841451570062548e-05	-9.511792752289588e-05	-0.9999511579702649
01-01-1990 00:00:10:166626	0	0	0	-180.0	0.0	0.0	-1.2246467991473532e-16	-0.0	-1.0	-0.0004858637431356975	9.680456840072848e-05	0.002049400590711839	-3.4380312426722125e-06	7.514759229601013e-05	-0.9999151664505157
01-01-1990 00:00:10:249959	0	0	0	-180.0	0.0	0.0	-1.2246467991473532e-16	-0.0	-1.0	-0.006149589006262122	-0.0006982976881584368	-0.0007465336557035502	-0.0001237164158499963	-3.370687148365386e-05	-0.9999584873546865
01-01-1990 00:00:10:333292	0	0	0	-180.0	0.0	0.0	-1.2246467991473532e-16	-0.0	-1.0	-0.00534849745862001	0.003932071146418577	-0.005300951060218379	-0.00033058462549873796	7.769981697898972e-05	-0.9999320371876409
01-01-1990 00:00:10:416625	0	0	0	-180.0	0.0	0.0	-1.2246467991473532e-16	-0.0	-1.0	0.002510296725399781	0.004067891760432149	-0.004227416582247571	-0.00019039738441828418	-0.00014642902337868826	-1.000090302653242
01-01-1990 00:00:10:499958	0	0	0	-180.0	0.0	0.0	-1.2246467991473532e-16	-0.0	-1.0	-0.006228686519078605	-0.005497947140137235	0.002643654393972766	0.00018004379968643522	-3.3308098492042234e-05	-1.000047254175739
01-01-1990 00:00:10:583291	0	0	0	-180.0	0.0	0.0	-1.2246467991473532e-16	-0.0	-1.0	0.004102312681840042	-0.0010028630978212852	0.001250189876696165	5.650187779698823e-05	-2.9815541108930407e-05	-0.9998374845453353
01-01-1990 00:00:10:666624	0	0	0	-180.0	0.0	0.0	-1.2246467991473532e-16	-0.0	-1.0	0.001294012351108154	-0.0007520111226511149	-0.004865850936076046	-6.73969765197445e-05	-0.0001824178674369536	-0.9998619206800615
01-01-1990 00:00:10:749957	0	0	0	-180.0	0.0	0.0	-1.2246467991473532e-16	-0.0	-1.0	-0.0012696543103378108	-0.0009999973322707978	0.0016630766649054335	-7.819388014382757e-05	1.5199208941724075e-05	-1.0000849213659178
01-01-1990 00:00:10:833290	0	0	0	-180.0	0.0	0.0	-1.2246467991473532e-16	-0.0	-1.0	-0.0005717391784716766	-0.0002217033268430168	0.0030123220065295282	0.0001244470307961533	-5.83456442513316e-05	-1.0001151074691854
01-01-1990 00:00:10:916623	0	0	0	-180.0	0.0	0.0	-1.2246467991473532e-16	-0.0	-1.0	0.0007512635586980482	-0.001395818049254062	-0.000800780567032489	-3.278192228576385e-05	-3.782262217436584e-05	-1.0000578733251668
01-01-1990 00:00:10:999956	0	0	0	-180.0	0.0	0.0	-1.2246467991473532e-16	-0.0	-1.0	0.00018564919750979113	-0.0028112178730833404	-0.005526826413748141	-8.289735632040183e-05	-1.8749860441817002e-05	-1.0001101724493746
01-01-1990 00:00:11:083289	0	0	0	-180.0	0.0	0.0	-1.2246467991473532e-16	-0.0	-1.0	-0.0014509466953999798	0.001283606603085406	0.0014888563754858052	-1.4152659656636763e-05	4.159110987557144e-05	-0.9999547496036849
01-01-1990 00:00:11:166622	0	0	0	-180.0	0.0	0.0	-1.2246467991473532e-16	-0.0	-1.0	-0.002216832769953521	-0.001980803035927613	-0.00046151848494021045	0.00014572853829165826	-1.4859241791131087e-05	-1.0000762946779602
01-01-1990 00:00:11:249955	0	0	0	-180.0	0.0	0.0	-1.2246467991473532e-16	-0.0	-1.0	-0.001089303308977045	-0.0028347699009786823	0.0007747823490122663	1.5195059702667939e-06	-0.0001249857977487173	-0.9999926407742724
01-01-1990 00:00:11:333288	0	0	0	-180.0	0.0	0.0	-1.2246467991473532e-16	-0.0	-1.0	-6.240683879608726e-05	0.006651197197483049	0.004653007590109763	-9.752052400187198e-05	5.031071579146083e-06	-0.9999827724770781
01-01-1990 00:00:11:416621	0	0	0	-180.0	0.0	0.0	-1.2246467991473532e-16	-0.0	-1.0	0.007264189044986979	-0.0031082145034033804	-0.00478306095366559	-1.3182371068235526e-05	5.602915805300597e-06	-1.0000224453807476
01-01-1990 00:00:11:499954	0	0	0	-180.0	0.0	0.0	-1.2246467991473532e-16	-0.0	-1.0	0.0014159438728929734	-0.0007050328187331527	0.0002895335957694459	-3.845400247834224e-06	0.00011685857737361195	-1.0000871883058038
01-01-1990 00:00:11:583287	0	0	0	-180.0	0.0	0.0	-1.2246467991473532e-16	-0.0	-1.0	0.0010554283801264724	0.0018531418268149114	0.00594632076061438	-7.173820954043485e-05	-4.402030382421364e-05	-0.9999731726996295
01-01-1990 00:00:11:666620	0	0	0	-180.0	0.0	0.0	-1.2246467991473532e-16	-0.0	-1.0	0.004858556644852294	0.001246396674070525	0.004361595054804253	8.920004226340034e-05	-8.486517172602912e-05	-1.0000562197906433
01-01-1990 00:00:11:749953	0	0	0	-180.0	0.0	0.0	-1.2246467991473532e-16	-0.0	-1.0	0.0008929652064751724	0.00017804031511353544	3.86931185225709e-05	-2.427345869521137e-05	5.952885225211836e-05	-1.000125922744009
01-01-1990 00:00:11:833286	0	0	0	-180.0	0.0	0.0	-1.2246467991473532e-16	-0.0	-1.0	-0.00511042264910601	-0.001779492302719348	-0.0003466389140846216	4.2818534253836065e-05	5.819914246585113e-06	-1.0000278185958065
01-01-1990 00:00:11:916619	0	0	0	-180.0	0.0	0.0	-1.2246467991473532e-16	-0.0	-1.0	0.0018538193223873014	-0.0010300680428697476	0.004677592631817447	-5.677170507033554e-06	-0.00013980474807033736	-0.9998942750815398
01-01-1990 00:00:11:999952	0	0	0	-180.0	0.0	0.0	-1.2246467991473532e-16	-0.0	-1.0	-0.0020596869648529855	-0.0029446509705662797	-0.002476439086417177	-7.291891566027098e-05	-7.996610764093241e-05	-0.9999537821499352
01-01-1990 00:00:12:083285	0	0	0	-180.0	0.0	0.0	-1.2246467991473532e-16	-0.0	-1.0	0.001527611382508747	0.0019013880417920912	-0.005163577299104857	-7.62264730560469e-06	-3.496100607990086e-05	-0.9999099774365244
01-01-1990 00:00:12:166618	0	0	0	-180.0	0.0	0.0	-1.2246467991473532e-16	-0.0	-1.0	0.0008048617416374448	0.0007456971041905259	0.0032337833373223095	-4.522991213791813e-05	1.5230571810496235e-05	-1.000138339215354
01-01-1990 00:00:12:249951	0	0	0	-180.0	0.0	0.0	-1.2246467991473532e-16	-0.0	-1.0	-0.0023690071691918903	0.0017267546657770499	-0.001120436163634506	-0.00018049041767502982	-0.00014807761127610974	-1.0001198023621736
01-01-1990 00:00:12:333284	0	0	0	-180.0	0.0	0.0	-1.2246467991473532e-16	-0.0	-1.0	-0.0011475014239085823	-0.000592047979128473	0.0011164275694771867	-8.81325318986004e-05	0.00013347079473285476	-1.0000953704107263
01-01-1990 00:00:12:416617	0	0	0	-180.0	0.0	0.0	-1.2246467991473532e-16	-0.0	-1.0	0.0037669057211087813	-0.0039041520747238024	-0.0011673184806683054	8.186101800535144e-06	-3.276132018037845e-05	-0.9999626893099053
01-01-1990 00:00:12:499950	0	0	0	-180.0	0.0	0.0	-1.2246467991473532e-16	-0.0	-1.0	-0.0002882649207627578	-0.0006328757717806234	-0.001884223298723139	-4.308869716541754e-06	0.00011418064780905033	-0.9999985114889497
01-01-1990 00:00:12:583283	0	0	0	-180.0	0.0	0.0	-1.2246467991473532e-16	-0.0	-1.0	-0.0022931567234255774	0.0017636006716797573	-0.0022566926937683104	-6.138411973890093e-06	0.00012010977613110712	-0.9999085637495276
01-01-1990 00:00:12:666616	0	0	0	-180.0	0.0	0.0	-1.2246467991473532e-16	-0.0	-1.0	0.0006465991139739197	0.00120903508004057	0.003427923022451025	0.00019086045718827077	1.612276071944815e-05	-1.000092046735684
01-01-1990 00:00:12:749949	0	0	0	-180.0	0.0	0.0	-1.2246467991473532e-16	-0.0	-1.0	-0.0022981900598510276	0.0033678906197940964	0.00786699835993808	0.00019592082570022985	0.00011695626723767006	-0.9998528652522748
01-01-1990 00:00:12:833282	0	0	0	-180.0	0.0	0.0	-1.2246467991473532e-16	-0.0	-1.0	0.001262052239712313	0.0038964629156661517	-0.0012322081653124135	0.00011806565134233815	0.00019346131877540245	-0.9999084618777762
01-01-1990 00:00:12:916615	0	0	0	-180.0	0.0	0.0	-1.2246467991473532e-16	-0.0	-1.0	0.0016433011232648835	-0.005555238045522446	0.0030836775273937926	-4.873979589958403e-05	-8.556060426121078e-05	-1.0000273094222594
01-01-1990 00:00:12:999948	0	0	0	-180.0	0.0	0.0	-1.2246467991473532e-16	-0.0	-1.0	0.0027243947437640297	0.0033584270036119152	-0.0006700844893591808	8.6480110968262e-05	-0.00010572773272373748	-1.0000390056188946
01-01-1990 00:00:13:083281	0	0	0	-180.0	0.0	0.0	-1.2246467991473532e-16	-0.0	-1.0	-0.00290473864619012	0.0030475859645606855	-0.006191056269061209	1.663320248927705e-05	-6.617886384542752e-05	-1.0000643346017082
01-01-1990 00:00:13:166614	0	0	0	-180.0	0.0	0.0	-1.2246467991473532e-16	-0.0	-1.0	-0.00023227490647335296	0.004700007085573791	0.0002078234991907303	3.2397368353176955e-05	5.29922745124468e-05	-1.000026715219637
01-01-1990 00:00:13:249947	0	0	0	-180.0	0.0	0.0	-1.2246467991473532e-16	-0.0	-1.0	0.0028635413810489474	-0.0031837338191643286	-0.0008926890304757092	-0.0001130328322909916	4.139157221465589e-05	-0.99997689251259
01-01-1990 00:00:13:333280	0	0	0	-180.0	0.0	0.0	-1.2246467991473532e-16	-0.0	-1.0	0.001459985493658173	-0.0013968265633923385	-0.007315431828099175	-4.135900018790253e-07	0.0001215370682979976	-1.000039405512113
01-01-1990 00:00:13:416613	0	0	0	-180.0	0.0	0.0	-1.2246467991473532e-16	-0.0	-1.0	0.0003443391666964677	0.0013447793687802608	0.003217999296109139	-0.0001947490237127247	-0.00013969524258386438	-0.999989956932511
01-01-1990 00:00:13:499946	0	0	0	-180.0	0.0	0.0	-1.2246467991473532e-16	-0.0	-1.0	-0.001005779415139175	0.0005154995165101145	-0.0016780567056680015	-0.00016455899849782216	-0.00010038817364368338	-1.000124367407574
01-01-1990 00:00:13:583279	0	0	0	-180.0	0.0	0.0	-1.2246467991473532e-16	-0.0	-1.0	0.0022996364360878987	-0.00016635346444672107	0.004006667242581843	8.32060271652212e-05	7.247113104049793e-05	-0.999940382579412
01-01-1990 00:00:13:666612	0	0	0	-180.0	0.0	0.0	-1.2246467991473532e-16	-0.0	-1.0	0.003246021395814967	0.004186988255922341	0.00031705622100423045	-1.507673866831747e-05	-2.3966545803977698e-05	-1.000002505233939
01-01-1990 00:00:13:749945	0	0	0	-180.0	0.0	0.0	-1.2246467991473532e-16	-0.0	-1.0	-0.00014746969739266657	0.0010094872427735644	-0.003079278472813024	-0.00014724777531886297	7.454526617413006e-05	-0.9999570855518589
01-01-1990 00:00:13:833278	0	0	0	-180.0	0.0	0.0	-1.2246467991473532e-16	-0.0	-1.0	0.0008494350422986522	0.0008443401274107801	-0.00115295152137787	-1.8450793624628798e-05	0.00014103366726678245	-1.0001308978785377
01-01-1990 00:00:13:916611	0	0	0	-180.0	0.0	0.0	-1.2246467991473532e-16	-0.0	-1.0	0.0057651499065263035	-0.0016124898515562662	-0.0016394548326944002	6.21623950388965e-05	-8.945321666256824e-06	-1.0000116324575798
01-01-1990 00:00:13:999944	90	0	0	-180.0	0.0	0.0	-1.2246467991473532e-16	-0.0	-1.0	90.00286754529739	0.0012001421883031502	-0.0035129760847086725	-8.365234602504804e-05	-8.590128775840115e-05	-1.0000519810494743
01-01-1990 00:00:14:083277	90	0	0	-172.5	0.0	0.0	-0.13052619222005157	-0.0	-0.9914448613738104	90.00134983010807	0.005519189461347989	0.004916539435371092	-0.13058155835333748	-0.00021294580072992597	-0.9915418347555471
01-01-1990 00:00:14:166610	90	0	0	-165.0	0.0	0.0	-0.258819045102521	-0.0	-0.9659258262890682	89.99698402084059	-0.0015879634810066023	0.0007154444630132006	-0.2587600228204508	0.00012060099006778851	-0.9660102728556832
01-01-1990 00:00:14:249943	90	0	0	-157.5	0.0	0.0	-0.3826834323650899	-0.0	-0.9238795325112867	89.99987726350722	0.005236003795635691	-0.0014585435195507979	-0.3826181340962372	-0.00014883000844557223	-0.9239452260857641
01-01-1990 00:00:14:333276	90	0	0	-150.0	0.0	0.0	-0.49999999999999994	-0.0	-0.8660254037844387	90.00085236753448	0.0022083864705055153	-0.00032528476000926284	-0.49997034660343126	4.077373515938664e-05	-0.8659234867485672
01-01-1990 00:00:14:416609	90	0	0	-142.5	0.0	0.0	-0.6087614290087209	-0.0	-0.793353340291235	90.00133869374591	-7.535968438853567e-05	-0.0011462172905789166	-0.6085821813696771	0.000185821133343752	-0.7933926601227366
01-01-1990 00:00:14:499942	90	0	0	-135.0	0.0	0.0	-0.7071067811865476	-0.0	-0.7071067811865475	89.99648047599105	0.0026830161727157296	0.0001313796210659582	-0.7069067412207239	-0.00013239692976894278	-0.7072046667122023
01-01-1990 00:00:14:583275	90	0	0	-127.5	0.0	0.0	-0.7933533402912352	-0.0	-0.6087614290087207	89.99990428719056	0.0007833511904358374	0.001998758486049815	-0.7933636816829883	7.736986281411744e-06	-0.6086738187653555
01-01-1990 00:00:14:666608	90	0	0	-120.0	0.0	0.0	-0.8660254037844387	-0.0	-0.4999999999999998	90.00443877591498	0.0009995168931537638	0.00025717921323617005	-0.8660819616821777	-7.038031075188886e-05	-0.5001557402004829
01-01-1990 00:00:14:749941	90	0	0	-112.5	0.0	0.0	-0.9238795325112867	-0.0	-0.3826834323650897	90.00467707396852	0.0018632265295554433	0.0007344497575823574	-0.9237286647819078	-0.00012644053153643557	-0.38257068162999847
01-01-1990 00:00:14:833274	90	0	0	-105.0	0.0	0.0	-0.9659258262890683	-0.0	-0.25881904510252085	90.00054065690233	-0.006099274927033557	0.0022723490533538377	-0.9658402136717713	-0.00010308961974457384	-0.2589479783716783
01-01-1990 00:00:14:916607	90	0	0	-97.5	0.0	0.0	-0.9914448613738104	-0.0	-0.1305261922200516	89.99983161153648	-0.0028872614750807915	-0.002825084685698613	-0.9914659845943892	-2.3369833234837965e-05	-0.13055246954044367
01-01-1990 00:00:14:999940	0	0	0	-90.0	0.0	0.0	-1.0	-0.0	6.123233995736766e-17	0.0022625756796932055	0.00226173466472941	-0.005000289811810993	-1.0000849227805422	2.9103214106863307e-05	-0.00011108041292134012
01-01-1990 00:00:15:083273	0	0	0	-90.0	0.0	0.0	-1.0	-0.0	6.123233995736766e-17	-0.0030897288753267437	0.0003360668768224308	-0.0018863540413437516	-0.9999626815062346	0.0001484155453403782	-7.969830931596676e-05
01-01-1990 00:00:15:166606	0	0	0	-90.0	0.0	0.0	-1.0	-0.0	6.123233995736766e-17	0.0019309004460465846	0.0022469593022659746	-0.0007620474652568142	-1.0001254036802234	0.00015342480055155697	-4.4971521257101874e-05
01-01-1990 00:00:15:249939	0	0	0	-90.0	0.0	0.0	-1.0	-0.0	6.123233995736766e-17	-0.005194494700127534	0.0012268681556752256	0.0011457166100721338	-1.0001263185833162	-4.8211707454784014e-05	4.866087553597247e-05
01-01-1990 00:00:15:333272	0	0	0	-90.0	0.0	0.0	-1.0	-0.0	6.123233995736766e-17	-0.0009729150212418221	0.0005881836924804285	-0.0026945445218728176	-1.0000014802365744	-4.275814035156883e-05	9.073721036906861e-05
01-01-1990 00:00:15:416605	0	0	0	-90.0	0.0	0.0	-1.0	-0.0	6.123233995736766e-17	-0.0034696555793330293	0.00207498552758547	-0.0007452294647269561	-0.9998248293718843	6.22305665890906e-05	-5.96550403829062e-05
01-01-1990 00:00:15:499938	0	0	0	-90.0	0.0	0.0	-1.0	-0.0	6.123233995736766e-17	0.0004236102028589714	-0.00014463689719439738	-0.003670169940893738	-1.0000843507273296	8.327449061903604e-05	-0.00015983957591665765
01-01-1990 00:00:15:583271	0	0	0	-90.0	0.0	0.0	-1.0	-0.0	6.123233995736766e-17	-0.0017172893605543022	-6.262435319885833e-05	0.0009646696599989547	-1.0000393510930723	-0.00012133949316678308	5.692865454917751e-05
01-01-1990 00:00:15:666604	0	0	0	-90.0	0.0	0.0	-1.0	-0.0	6.123233995736766e-17	-0.0011488261939549022	-0.0007053952456729969	-0.0008725875632446577	-0.9999837590514618	-6.142351484775453e-05	0.00010727543745079577
01-01-1990 00:00:15:749937	0	0	0	-90.0	0.0	0.0	-1.0	-0.0	6.123233995736766e-17	0.0032179785035721096	-0.0028074849200209096	0.003112128950217395	-0.99992483327626	0.0002638589969312243	-0.0001943389279565083
01-01-1990 00:00:15:833270	0	0	0	-90.0	0.0	0.0	-1.0	-0.0	6.123233995736766e-17	-0.0004991393327382639	-0.0005019058924609431	-0.0033609278022943253	-0.9998826110142579	-0.00010133394238199849	1.1143842123102856e-05
01-01-1990 00:00:15:916603	0	0	0	-90.0	0.0	0.0	-1.0	-0.0	6.123233995736766e-17	-0.0022168179643599177	0.0003853484262525464	-0.0013810024347755054	-0.9999357339242756	-7.135416757036814e-05	0.00015027203768482104
01-01-1990 00:00:15:999936	0	0	0	-90.0	0.0	0.0	-1.0	-0.0	6.123233995736766e-17	-0.0020057909891064854	-8.1355520900111e-05	-0.0015233986168046534	-0.9999212509839336	-0.0001713141650212154	-8.02219234144425e-06
01-01-1990 00:00:16:083269	0	0	0	-90.0	0.0	0.0	-1.0	-0.0	6.123233995736766e-17	0.00028429181646964026	-0.0012475577154861155	-0.0008762831142866534	-0.9999503332568793	-1.6581832259593113e-05	-6.751746198926092e-05
01-01-1990 00:00:16:166602	0	0	0	-90.0	0.0	0.0	-1.0	-0.0	6.123233995736766e-17	0.0005715191985468335	-0.0008833029487772253	-0.0016572859198618996	-1.0000779513356037	-7.598388710718338e-06	4.310361271470536e-05
01-01-1990 00:00:16:249935	0	0	0	-90.0	0.0	0.0	-1.0	-0.0	6.123233995736766e-17	-4.2679699019745817e-05	-0.0013069682520428672	-0.0013764728684219972	-0.999955585933458	1.677192538126551e-05	-0.00011319375148665867
01-01-1990 00:00:16:333268	0	0	0	-90.0	0.0	0.0	-1.0	-0.0	6.123233995736766e-17	0.0022625602542212064	-0.0030645793959572804	0.0019329921850389782	-1.0000675258356757	3.602207221902722e-06	0.0001877715329082651
01-01-1990 00:00:16:416601	0	0	0	-90.0	0.0	0.0	-1.0	-0.0	6.123233995736766e-17	-0.004011619444954696	0.0007329170592424055	0.0009795286851633446	-0.9998505296015674	8.535385879546311e-05	-3.089943277020935e-05
01-01-1990 00:00:16:499934	0	0	0	-90.0	0.0	0.0	-1.0	-0.0	6.123233995736766e-17	0.0036315316494396005	0.003958555027837632	0.0022702808269765237	-1.0000388857935862	5.195010103007611e-05	-4.355972459473023e-06
01-01-1990 00:00:16:583267	0	0	0	-90.0	0.0	0.0	-1.0	-0.0	6.123233995736766e-17	-0.002191473799457786	-0.0004678614688184061	-0.0013671738243106392	-1.0001297321185576	-8.532430097681876e-06	-0.00021525586396121612
01-01-1990 00:00:16:666600	0	0	0	-90.0	0.0	0.0	-1.0	-0.0	6.123233995736766e-17	0.0042358251458347014	0.003035071091172651	-0.0006312513137345839	-1.0001941416772437	-0.00015001960128670957	0.0002178071571746807
01-01-1990 00:00:16:749933	0	0	0	-90.0	0.0	0.0	-1.0	-0.0	6.123233995736766e-17	0.00029296111622753145	0.0012390512134301155	-0.0018690425896784701	-0.9999931276065547	-1.9989917312970244e-05	-5.384718936532398e-05
01-01-1990 00:00:16:833266	0	0	0	-90.0	0.0	0.0	-1.0	-0.0	6.123233995736766e-17	-0.0021386143078549018	-0.00227480141451421	0.0003128750212679272	-1.0000137739826551	-3.4173593464904586e-06	-2.0855246410124184e-05
01-01-1990 00:00:16:916599	0	0	0	-90.0	0.0	0.0	-1.0	-0.0	6.123233995736766e-17	5.440708724054282e-05	-0.0033667073205786787	0.0021415035884032544	-0.9999473747778	-3.394206088659411e-05	-7.988125318126157e-06
01-01-1990 00:00:16:999932	0	0	0	-90.0	0.0	0.0	-1.0	-0.0	6.123233995736766e-17	-0.00019898698377447373	-0.0017082712875963572	-0.0012439714385885663	-1.000117655272639	0.0001554667102628117	2.2199856154870078e-05
01-01-1990 00:00:17:083265	0	0	0	-90.0	0.0	0.0	-1.0	-0.0	6.123233995736766e-17	-0.0030811035706369166	0.002749062976300895	-0.0020101785342388533	-1.0001498532778632	2.9715945425707027e-05	7.445134305073461e-05
01-01-1990 00:00:17:166598	0	0	0	-90.0	0.0	0.0	-1.0	-0.0	6.123233995736766e-17	-0.0024877014500041227	0.0027869176408720866	0.000685288088597999	-1.0001312245324867	-5.979106449073888e-06	1.8815537034141307e-05
01-01-1990 00:00:17:249931	0	0	0	-90.0	0.0	0.0	-1.0	-0.0	6.123233995736766e-17	-0.0003112580392466681	0.0012365818020675288	0.0004959101481770115	-1.0000358441236912	-9.105326645084347e-05	0.0002678333355977388
01-01-1990 00:00:17:333264	0	0	0	-90.0	0.0	0.0	-1.0	-0.0	6.123233995736766e-17	0.0006648401793699747	0.0018968627014750875	-0.004782632505889975	-1.0000307445675407	-7.035699212728215e-05	8.156533768389266e-05
01-01-1990 00:00:17:416597	0	0	0	-90.0	0.0	0.0	-1.0	-0.0	6.123233995736766e-17	-0.00438427074307849	-0.0004551875999216372	0.0005051651052738767	-1.0001134288474942	-2.9208070687138606e-06	7.402063240970967e-05
01-01-1990 00:00:17:499930	0	0	0	-90.0	0.0	0.0	-1.0	-0.0	6.123233995736766e-17	-0.0007086580952186906	-0.00021608516242884693	0.00038958464453738863	-0.9999824929090421	-0.00015550697324850327	0.0002136954594933968
01-01-1990 00:00:17:583263	0	0	0	-90.0	0.0	0.0	-1.0	-0.0	6.123233995736766e-17	0.0016751453525498676	-8.753305530273833e-06	-0.0012238215861490734	-0.9999559982320373	7.153958813404947e-05	4.696180169220847e-06
01-01-1990 00:00:17:666596	0	0	0	-90.0	0.0	0.0	-1.0	-0.0	6.123233995736766e-17	1.0649245423512733e-05	-0.0021155542519293857	-0.0036304457898171374	-1.0000153890493244	0.00025064202056381647	3.564619421077617e-05
01-01-1990 00:00:17:749929	0	0	0	-90.0	0.0	0.0	-1.0	-0.0	6.123233995736766e-17	0.00010550331599055505	0.004343837598096851	0.0009297671632691098	-0.9999037012774032	-4.5037613733581415e-05	5.592424719051962e-05
01-01-1990 00:00:17:833262	0	0	0	-90.0	0.0	0.0	-1.0	-0.0	6.123233995736766e-17	0.00135827803617009	-0.0003628309401453451	0.00197445414044553	-1.000085551442122	-1.9035150770199507e-05	-6.845075022637616e-05
01-01-1990 00:00:17:916595	0	0	0	-90.0	0.0	0.0	-1.0	-0.0	6.123233995736766e-17	0.0012232145331988247	-0.0030703525730598736	-0.00442874465237098	-1.0000369588303208	-0.00021807596270546382	-7.828687666587573e-06
01-01-1990 00:00:17:999928	0	0	0	-90.0	0.0	0.0	-1.0	-0.0	6.123233995736766e-17	-0.0043441654886351485	-0.0038942055888539773	0.0016755916126713769	-1.0000086632629224	-7.692945136533341e-06	-3.817153417421705e-05
01-01-1990 00:00:18:083261	0	0	0	-90.0	0.0	0.0	-1.0	-0.0	6.123233995736766e-17	0.001077849217955006	4.015763155538481e-05	0.0005147684932824011	-0.999940556523335	-5.4033123587712054e-05	1.3619578467487283e-05
01-01-1990 00:00:18:166594	0	0	0	-90.0	0.0	0.0	-1.0	-0.0	6.123233995736766e-17	0.0023668483250696625	-0.003543546243254427	-0.0019265207878807825	-0.999965306511025	4.129148548050703e-05	1.0940659848242444e-05
01-01-1990 00:00:18:249927	0	0	0	-90.0	0.0	0.0	-1.0	-0.0	6.123233995736766e-17	-0.007158720667050034	0.0030133341473597267	-0.0025539152687165884	-1.0001503503060032	-0.00013713963193929526	-7.657330166640026e-05
01-01-1990 00:00:18:333260	0	0	0	-90.0	0.0	0.0	-1.0	-0.0	6.123233995736766e-17	-0.002294670513031717	0.005349015021981836	0.00032415140631166195	-1.0001145146205355	-4.441221119878167e-05	6.995920301587981e-05
01-01-1990 00:00:18:416593	0	0	0	-90.0	0.0	0.0	-1.0	-0.0	6.123233995736766e-17	0.001606727795358876	-0.0021711333331214085	0.0012660970390143069	-1.0000351770192966	-0.0002742875912960307	-0.00010594966151656205
01-01-1990 00:00:18:499926	0	0	0	-90.0	0.0	0.0	-1.0	-0.0	6.123233995736766e-17	0.0032449579951207806	-0.00033621949650027515	-0.002532103583418429	-0.9999358735192769	-0.00013558898875735845	-3.882360487518437e-05
01-01-1990 00:00:18:583259	0	0	0	-90.0	0.0	0.0	-1.0	-0.0	6.123233995736766e-17	0.0008411498440852884	-0.0009578945440103331	-0.002088166980031709	-1.0000318977418607	-1.6145077255900094e-05	3.4637102824597124e-05
01-01-1990 00:00:18:666592	0	0	0	-90.0	0.0	0.0	-1.0	-0.0	6.123233995736766e-17	0.0014670027114824214	0.002986509259006864	-0.00019459758707650752	-1.0001888319792722	0.00011488178098115824	-0.00014607371066333957
01-01-1990 00:00:18:749925	0	0	0	-90.0	0.0	0.0	-1.0	-0.0	6.123233995736766e-17	0.002277938445034585	-0.002253224869609463	0.0011649200076037766	-1.0000008041676345	4.413079584581417e-06	-2.9679535950569977e-05
01-01-1990 00:00:18:833258	0	0	0	-90.0	0.0	0.0	-1.0	-0.0	6.123233995736766e-17	-0.005295645807657693	-0.0027829237168399456	-0.00197993977755393	-0.9999369234607327	-7.536376430321202e-05	7.306720502178579e-05
01-01-1990 00:00:18:916591	0	0	0	-90.0	0.0	0.0	-1.0	-0.0	6.123233995736766e-17	0.004541711006829875	0.002067915191947254	-0.00197580892182652	-0.9998938110681249	3.944319538639259e-05	8.44516345357318e-05
01-01-1990 00:00:18:999924	90	0	0	-90.0	0.0	0.0	-1.0	-0.0	6.123233995736766e-17	89.9996083803213	-0.0004168776296151085	-0.0028734574189068413	-1.0000631922040835	-0.00019252206974957876	6.997116862397436e-05
01-01-1990 00:00:19:083257	90	0	0	-82.5	0.0	0.0	-0.9914448613738104	-0.0	0.1305261922200517	90.00047627057872	-0.0011721252315185478	-0.005088715475100577	-0.9914706032293151	0.00018097135740872288	0.13047679788397648
01-01-1990 00:00:19:166590	90	0	0	-75.0	0.0	0.0	-0.9659258262890683	-0.0	0.25881904510252074	89.99657364898157	0.005983707349568206	0.004173479495550857	-0.9660657833138282	-8.21074238000971e-06	0.25891198017863853
01-01-1990 00:00:19:249923	90	0	0	-67.5	0.0	0.0	-0.9238795325112867	-0.0	0.38268343236508984	89.997341589404	0.0005558437378611484	-0.0008528934200747377	-0.9239762215840135	-9.65267295663564e-06	0.3827187442581628
01-01-1990 00:00:19:333256	90	0	0	-60.0	0.0	0.0	-0.8660254037844386	-0.0	0.5000000000000001	89.99940779734067	0.0013511614649685559	0.0020267849091780855	-0.8662720664462377	-0.00014640046596808533	0.5000175424510294
01-01-1990 00:00:19:416589	90	0	0	-52.5	0.0	0.0	-0.7933533402912352	-0.0	0.6087614290087207	89.99883744327022	-0.0011940781184884217	0.002279597726480282	-0.793391839936624	-9.968662245813464e-05	0.6088763789658924
01-01-1990 00:00:19:499922	90	0	0	-45.0	0.0	0.0	-0.7071067811865475	-0.0	0.7071067811865476	90.00076176063297	0.0021063124835589697	-0.0012021948855981258	-0.7070758707815411	0.00010001923528782291	0.7072039416800556
01-01-1990 00:00:19:583255	90	0	0	-37.5	0.0	0.0	-0.6087614290087207	-0.0	0.7933533402912352	90.00488618134212	-0.0002589669922255158	0.0014927179570435778	-0.6085762687855021	-6.411458370964045e-05	0.7932726737369107
01-01-1990 00:00:19:666588	90	0	0	-30.0	0.0	0.0	-0.49999999999999994	-0.0	0.8660254037844387	90.00068505681969	-0.0009115647458368098	0.0001677977088159049	-0.49987278698998333	-1.609700031912871e-05	0.8660439413656064
01-01-1990 00:00:19:749921	90	0	0	-22.5	0.0	0.0	-0.3826834323650898	-0.0	0.9238795325112867	90.00004274743257	0.00019764003163581225	0.0005223242877716492	-0.3826101978786532	-9.423741102902658e-05	0.9238636659799165
01-01-1990 00:00:19:833254	90	0	0	-15.0	0.0	0.0	-0.25881904510252074	-0.0	0.9659258262890683	90.0002496147625	-6.145771673273964e-05	-0.0008928130858653565	-0.2588259045446142	-4.514851205441201e-05	0.9659799153414482
01-01-1990 00:00:19:916587	90	0	0	-7.5	0.0	0.0	-0.13052619222005157	-0.0	0.9914448613738104	90.00097278029624	-0.0012369704137254716	0.004880713283872251	-0.13062728770124485	1.657295861209552e-05	0.9914562860509394
01-01-1990 00:00:19:999920	90	0	0	0.0	0.0	0.0	0.0	-0.0	1.0	89.99613900446043	-0.0028862371062592907	-0.0042699330702783145	-1.6729654546527946e-05	9.73614717800448e-05	0.9999656208285026
01-01-1990 00:00:20:083253	0	0	0	7.5	0.0	0.0	0.13052619222005157	-0.0	0.9914448613738104	0.004780799146813752	0.0012469174620129916	0.003598981126397149	0.13041251594592912	-8.691171012260613e-05	0.9914764918139292
01-01-1990 00:00:20:166586	0	0	0	7.5	0.0	0.0	0.13052619222005157	-0.0	0.9914448613738104	-0.00022114317307109902	0.0016181102069191614	0.0036882630626969134	0.13073016053413117	0.00016993376263873953	0.9914583996893964
01-01-1990 00:00:20:249919	0	0	0	7.5	0.0	0.0	0.13052619222005157	-0.0	0.9914448613738104	-0.0010680662524095949	0.0031176484805879637	0.001897600965031458	0.1306094729198199	9.974864709454416e-05	0.9913613454547163
01-01-1990 00:00:20:333252	0	0	0	7.5	0.0	0.0	0.13052619222005157	-0.0	0.9914448613738104	0.0032484572889724707	0.0007467561395008864	0.00508822660256798	0.13055587901622245	-3.9731481220226796e-05	0.9914801503428752
01-01-1990 00:00:20:416585	0	0	0	7.5	0.0	0.0	0.13052619222005157	-0.0	0.9914448613738104	0.0007668485150734303	-0.0008931485428541184	0.0011007543586569473	0.13048802739895843	-0.00022804034467575467	0.9913475800204657
01-01-1990 00:00:20:499918	0	0	0	7.5	0.0	0.0	0.13052619222005157	-0.0	0.9914448613738104	0.0013681198342171217	0.0020954442906430796	0.0011636750165733404	0.13054358700058588	-0.00011356420138723092	0.9914278126571833
01-01-1990 00:00:20:583251	0	0	0	7.5	0.0	0.0	0.13052619222005157	-0.0	0.9914448613738104	0.0020788215611144325	0.003450954872092473	-0.0017683573730223926	0.13042679814480293	0.00025022042510978125	0.9916369261211802
01-01-1990 00:00:20:666584	0	0	0	7.5	0.0	0.0	0.13052619222005157	-0.0	0.9914448613738104	0.0005520436911795285	0.002669046364149552	-0.0006364014958493274	0.1305371340890458	9.184888797481157e-05	0.9915211619063342
01-01-1990 00:00:20:749917	0	0	0	7.5	0.0	0.0	0.13052619222005157	-0.0	0.9914448613738104	-0.0003350781628206825	0.0020908947951129775	0.0023765084446764682	0.13066841657945144	4.633532776681907e-05	0.9912970826944522
01-01-1990 00:00:20:833250	0	0	0	7.5	0.0	0.0	0.13052619222005157	-0.0	0.9914448613738104	0.005293425389436768	-0.000627216914897419	0.0011987476685824503	0.13046518966655932	9.70632194608884e-05	0.9913303133613354
01-01-1990 00:00:20:916583	0	0	0	7.5	0.0	0.0	0.13052619222005157	-0.0	0.9914448613738104	0.0002789806927659383	-0.004775934768336041	0.0007764415747139381	0.13039529770882746	-3.7208730373553982e-06	0.9914579209513433
01-01-1990 00:00:20:999916	0	0	0	7.5	0.0	0.0	0.13052619222005157	-0.0	0.9914448613738104	0.0055189673523459255	-0.0010042492817767608	-0.001713257902114042	0.1307060900084248	-7.393154146241211e-06	0.991414977214215
01-01-1990 00:00:21:083249	0	0	0	7.5	0.0	0.0	0.13052619222005157	-0.0	0.9914448613738104	0.005615340760108975	0.003644876192551955	-0.0004824659281386359	0.13051809370298056	-0.00011055480482892968	0.9915788802768708
01-01-1990 00:00:21:166582	0	0	0	7.5	0.0	0.0	0.13052619222005157	-0.0	0.9914448613738104	-0.001041754786733612	-2.284782880812193e-05	0.0006366176638988894	0.13054205307014283	-7.869134046009207e-06	0.9913103819990319
01-01-1990 00:00:21:249915	0	0	0	7.5	0.0	0.0	0.13052619222005157	-0.0	0.9914448613738104	-0.0016766444649228684	3.615507997562853e-05	0.00383123185979348	0.13063514387554026	0.00015979686984364319	0.991456730232139
01-01-1990 00:00:21:333248	0	0	0	7.5	0.0	0.0	0.13052619222005157	-0.0	0.9914448613738104	-0.0003877110758660832	0.00203223332593839	0.0008081190153329948	0.13062231192453297	-0.00018573430371399675	0.991419342571574
01-01-1990 00:00:21:416581	0	0	0	7.5	0.0	0.0	0.13052619222005157	-0.0	0.9914448613738104	-0.003996886133139883	0.005315823222056843	-0.0011904326316513163	0.13049030590700955	9.687071631731e-06	0.9915389169900665
01-01-1990 00:00:21:499914	0	0	0	7.5	0.0	0.0	0.13052619222005157	-0.0	0.9914448613738104	0.002036733816769712	-0.004278683118469893	-0.0008893196689452466	0.1304646979926573	4.236546910454262e-06	0.9916394257279074
01-01-1990 00:00:21:583247	0	0	0	7.5	0.0	0.0	0.13052619222005157	-0.0	0.9914448613738104	-0.0014730425086453152	-0.001093326705077875	0.0027689588515343055	0.13058127852651863	-5.318690443304795e-05	0.991505552478748
01-01-1990 00:00:21:666580	0	0	0	7.5	0.0	0.0	0.13052619222005157	-0.0	0.9914448613738104	-0.005450865302857284	0.006792507713320748	0.0004946996506950245	0.13053371091177182	-5.2252849643678514e-05	0.9915752439146349
01-01-1990 00:00:21:749913	0	0	0	7.5	0.0	0.0	0.13052619222005157	-0.0	0.9914448613738104	-0.000717689839587227	0.0008882484012005103	-0.0018795581020884687	0.1304325704658682	4.0027705272532915e-05	0.9914760236868281
01-01-1990 00:00:21:833246	0	0	0	7.5	0.0	0.0	0.13052619222005157	-0.0	0.9914448613738104	-0.0015752423105550835	0.0005881492644578504	-9.422463023039706e-05	0.13052645091713094	0.00015680644087130133	0.9916201286500501
01-01-1990 00:00:21:916579	0	0	0	7.5	0.0	0.0	0.13052619222005157	-0.0	0.9914448613738104	-0.0020470948543755475	0.004272436514544447	-0.002319291075455957	0.13058526043200522	-6.418688319737562e-05	0.9914700864457
01-01-1990 00:00:21:999912	0	0	0	7.5	0.0	0.0	0.13052619222005157	-0.0	0.9914448613738104	0.002533086149076468	0.0006169934372461637	2.959896674949322e-05	0.13058337034827325	1.647424953221808e-05	0.9913750866482288
01-01-1990 00:00:22:083245	0	0	0	7.5	0.0	0.0	0.13052619222005157	-0.0	0.9914448613738104	0.0007750391627363028	0.0023303278960285106	-0.00652265622474272	0.13058918742868772	-0.00020627646561697613	0.9915504225963855
01-01-1990 00:00:22:166578	0	0	0	7.5	0.0	0.0	0.13052619222005157	-0.0	0.9914448613738104	-0.00046276413990856423	0.0008196300629657855	0.0029239936851475448	0.13050780810049997	3.999150305414068e-05	0.9914287914151582
01-01-1990 00:00:22:249911	0	0	0	7.5	0.0	0.0	0.13052619222005157	-0.0	0.9914448613738104	0.0032786993692630363	0.0033368895348832475	-0.00011650505571783284	0.13055288665152104	0.00011064727404756769	0.9915597241999596
01-01-1990 00:00:22:333244	0	0	0	7.5	0.0	0.0	0.13052619222005157	-0.0	0.9914448613738104	0.00015177356918868922	-0.004915074921978878	0.0003261413208962042	0.13060310076639006	2.0935769825468314e-05	0.9914624416494976
01-01-1990 00:00:22:416577	0	0	0	7.5	0.0	0.0	0.13052619222005157	-0.0	0.9914448613738104	0.0016576734194411245	-0.0032874722769326626	0.001041833933210608	0.13047234590416715	-9.158800811861665e-05	0.9914376570943095
01-01-1990 00:00:22:499910	0	0	0	7.5	0.0	0.0	0.13052619222005157	-0.0	0.9914448613738104	0.002618409695994578	-0.0021295214753536407	-0.001831817123301868	0.13056637929251075	0.00019115713367080802	0.9915194922858017
01-01-1990 00:00:22:583243	0	0	0	7.5	0.0	0.0	0.13052619222005157	-0.0	0.9914448613738104	0.0019617473623870074	0.002312227795622585	0.0026707152108680354	0.13051312075323845	9.159986452255715e-05	0.9912766483962789
01-01-1990 00:00:22:666576	0	0	0	7.5	0.0	0.0	0.13052619222005157	-0.0	0.9914448613738104	-0.003369057095826982	-0.0006469964909823311	-0.0003030172622668519	0.13048991966828571	6.273169304777194e-05	0.9913852685154007
01-01-1990 00:00:22:749909	0	0	0	7.5	0.0	0.0	0.13052619222005157	-0.0	0.9914448613738104	-0.0032026371601865562	-0.004633737235549811	6.819550232630366e-05	0.13044535121171957	5.2674652782314095e-05	0.9914196274034129
01-01-1990 00:00:22:833242	0	0	0	7.5	0.0	0.0	0.13052619222005157	-0.0	0.9914448613738104	-0.002899177537263053	-0.0031995553284672024	-0.0010857154185841226	0.1304054133089937	3.046989513703904e-05	0.9915107363477418
01-01-1990 00:00:22:916575	0	0	0	7.5	0.0	0.0	0.13052619222005157	-0.0	0.9914448613738104	0.000422810709852562	0.00299247086947642	0.002652408380384996	0.13045785013610903	-1.1905239266136623e-05	0.9914343277120646
01-01-1990 00:00:22:999908	0	0	0	7.5	0.0	0.0	0.13052619222005157	-0.0	0.9914448613738104	0.004008984062232767	-0.00029132937949587917	0.002805295302912986	0.13052295698477664	0.00011452084031137949	0.9914918233874179
01-01-1990 00:00:23:083241	0	0	0	7.5	0.0	0.0	0.13052619222005157	-0.0	0.9914448613738104	0.0009945701710083606	-0.0008539861758692488	-0.002001434046131356	0.13041255666108387	-1.505809445693629e-05	0.991479088633497
01-01-1990 00:00:23:166574	0	0	0	7.5	0.0	0.0	0.13052619222005157	-0.0	0.9914448613738104	-0.0007549165845390125	0.0017072169228021514	0.003553153401231994	0.13048129006348663	-0.00014001045895786624	0.9914793364683018
01-01-1990 00:00:23:249907	0	0	0	7.5	0.0	0.0	0.13052619222005157	-0.0	0.9914448613738104	-0.00045567971285825237	-0.0032321635979664074	-4.955631685925036e-05	0.13041652697503534	9.573954778397969e-05	0.9914216470903753
01-01-1990 00:00:23:333240	0	0	0	7.5	0.0	0.0	0.13052619222005157	-0.0	0.9914448613738104	0.0022241485222170656	-0.0037583617237998516	-0.0008490545842033503	0.13048744516379743	8.928449566237517e-05	0.9913288086311031
01-01-1990 00:00:23:416573	0	0	0	7.5	0.0	0.0	0.13052619222005157	-0.0	0.9914448613738104	0.0009255334271581435	-0.0011559600923607715	-0.0023750346044044616	0.13034342666799167	0.00010494496221728268	0.9913325819048907
01-01-1990 00:00:23:499906	0	0	0	7.5	0.0	0.0	0.13052619222005157	-0.0	0.9914448613738104	-0.0005850879927972243	0.0002088910809443872	0.0037801545087367194	0.13041444353906617	-0.0001160567841779528	0.9915047943321368
01-01-1990 00:00:23:583239	0	0	0	7.5	0.0	0.0	0.13052619222005157	-0.0	0.9914448613738104	-0.0013764275214438928	-0.0020918026078516625	0.0021077241985993783	0.1304034124144381	-0.00010947637889590802	0.9916555759696657
01-01-1990 00:00:23:666572	0	0	0	7.5	0.0	0.0	0.13052619222005157	-0.0	0.9914448613738104	-0.00608120381101212	-0.0036602788427646527	0.002747335522915398	0.1306701578764773	6.414775862003443e-06	0.9913794875401774
01-01-1990 00:00:23:749905	0	0	0	7.5	0.0	0.0	0.13052619222005157	-0.0	0.9914448613738104	-0.0012212223761421028	0.003496478650666292	-0.005181700691703631	0.1305225201383165	8.150011440034058e-06	0.9915971479780861
01-01-1990 00:00:23:833238	0	0	0	7.5	0.0	0.0	0.13052619222005157	-0.0	0.9914448613738104	-1.7796690933178476e-05	0.0018103469179711435	-0.002436094372375645	0.13047535572206145	0.00015349889575521226	0.9916613950399433
01-01-1990 00:00:23:916571	0	0	0	7.5	0.0	0.0	0.13052619222005157	-0.0	0.9914448613738104	0.0012656115384803237	-0.001049739385867811	-0.0004154911494741882	0.1305411651064254	3.1945057711371184e-05	0.9915007668675463
01-01-1990 00:00:23:999904	0	0	0	7.5	0.0	0.0	0.13052619222005157	-0.0	0.9914448613738104	0.00012622749295133697	-0.0010040212439412935	-0.0035037219263362005	0.13076283950349923	0.00012694551998454349	0.9914810017739167
01-01-1990 00:00:24:083237	0	0	0	7.5	0.0	0.0	0.13052619222005157	-0.0	0.9914448613738104	0.0008159235820964381	0.0008715095069294362	-0.004542760431176509	0.13055552780439755	-0.0001179617739631252	0.9913757053204927
01-01-1990 00:00:24:166570	0	0	0	7.5	0.0	0.0	0.13052619222005157	-0.0	0.9914448613738104	0.003004870552657175	0.0016245696606699371	-0.0026191296401930353	0.13039359134843673	-0.00010222071913709317	0.9913458736133812
01-01-1990 00:00:24:249903	0	0	0	7.5	0.0	0.0	0.13052619222005157	-0.0	0.9914448613738104	0.00013258594599623703	0.0003091688801235376	-0.0019899828824987927	0.13055057607865117	0.00011753026993794927	0.9914546229304146
01-01-1990 00:00:24:333236	0	0	0	7.5	0.0	0.0	0.13052619222005157	-0.0	0.9914448613738104	0.00331847255513502	-0.0030557887986934168	-0.005462647599892544	0.13062893861005134	-3.188285962172686e-05	0.9913971421934374
01-01-1990 00:00:24:416569	0	0	0	7.5	0.0	0.0	0.13052619222005157	-0.0	0.9914448613738104	0.00048181671991141464	-0.0009539973906509527	-0.00040802051073116714	0.1304398539706524	-5.286560192601978e-05	0.9912963528018768
01-01-1990 00:00:24:499902	0	0	0	7.5	0.0	0.0	0.13052619222005157	-0.0	0.9914448613738104	-0.006667900328878483	0.0049615911250354815	-0.0014742885635670457	0.1304341961770778	9.185116463906423e-05	0.9914308590487888
01-01-1990 00:00:24:583235	0	0	0	7.5	0.0	0.0	0.13052619222005157	-0.0	0.9914448613738104	-0.0005185055761096668	0.0024507239555715474	0.0020747430512286663	0.13036547187134928	-2.3176046467532987e-05	0.9912896816827678
01-01-1990 00:00:24:666568	0	0	0	7.5	0.0	0.0	0.13052619222005157	-0.0	0.9914448613738104	0.0009873251335903715	0.0033135387573397374	-0.002207590917863428	0.13044013117263561	-0.0001339081932631549	0.9914286403632566
01-01-1990 00:00:24:749901	0	0	0	7.5	0.0	0.0	0.13052619222005157	-0.0	0.9914448613738104	0.0026527286788407592	0.0011509158677617255	-0.0012553441424595683	0.1304920506968025	7.96407449573362e-05	0.9914693051338273
01-01-1990 00:00:24:833234	0	0	0	7.5	0.0	0.0	0.13052619222005157	-0.0	0.9914448613738104	0.004028777474729017	0.001174613296339461	0.0018236136034373135	0.13055907772818984	-0.00016983602340464002	0.9914818133723329
01-01-1990 00:00:24:916567	0	0	0	7.5	0.0	0.0	0.13052619222005157	-0.0	0.9914448613738104	0.0028534801727705303	-0.00028947876446763185	0.0008834076548161172	0.1304917650470014	-0.00016338099540631442	0.9914045264499166
01-01-1990 00:00:24:999900	0	0	0	7.5	0.0	0.0	0.13052619222005157	-0.0	0.9914448613738104	0.005251872385148674	-0.0003685706148205016	-0.00397183713795183	0.13044298289282966	-0.0001272450578104823	0.9913914599460649
