# Accelerometer Data File
# Started @Sat Jul 02 13:46:35 EDT 2016
#
#
# sensor Vendor: ST Micro
# sensor Name: LIS3DH 3-axis Accelerometer
# sensor Resolution: 0.0047900393m/sec^2; Max Range: 156.96; Min Delay: 10000 microseconds
# The sensor's attributes are the result hardware and the Android capabilities.
# It means that the Android may not utilize all features provided by the hardware.
#
# Some devices and Android versions save battery too much so the device may go to sleep.
# It just happens after couple of minutes from turning off the scree and it is easy to find it out.
#
# The following file provides the data from accelerometer in the m/s^2 format.
# The diff value is just a time delta between the samples
#
#
# data format:
# so we have 4 columns with values separated by the " "
# X Y Z time_from_previous_sample(ms)

# sensor speed set to:UI
# units set to: Gravity
# gravity NOT filtered out
# Accuracy: HIGH
-0.114 1.302 9.5 0
-0.153 1.302 9.634 40
-0.172 1.264 9.653 40
-0.038 1.149 9.691 40
0.038 1.053 9.768 40
0.0 1.015 9.806 40
-0.076 1.034 9.768 40
-0.114 1.11 9.653 41
-0.095 1.091 9.576 41
-0.038 1.053 9.615 39
0.019 1.091 9.615 40
0.019 1.11 9.71 40
-0.038 1.053 9.634 40
-0.019 0.976 9.691 41
-0.038 1.015 9.672 40
-0.019 1.053 9.691 40
0.019 0.976 9.787 40
0.038 0.957 9.71 40
0.0 0.995 9.691 40
-0.019 0.995 9.71 40
0.0 0.995 9.691 41
0.0 1.015 9.615 40
-0.038 0.995 9.595 40
-0.057 0.938 9.73 40
-0.095 0.976 9.691 40
-0.057 0.957 9.653 40
-0.038 0.976 9.653 40
-0.057 0.957 9.653 40
-0.057 0.938 9.653 41
-0.019 0.995 9.538 40
0.019 0.995 9.5 40
0.019 0.9 9.595 40
-0.038 0.881 9.73 40
-0.076 0.861 9.749 40
-0.076 0.881 9.749 41
-0.076 0.938 9.806 40
-0.076 1.015 9.73 40
-0.095 1.015 9.71 40
-0.095 0.976 9.634 40
-0.057 0.957 9.634 40
-0.019 0.957 9.71 40
-0.019 0.938 9.787 40
-0.019 0.9 9.73 41
-0.114 0.976 9.73 40
-0.172 0.995 9.73 40
-0.172 0.995 9.672 40
-0.134 0.976 9.653 40
-0.134 0.976 9.691 40
-0.114 0.995 9.73 40
-0.095 0.976 9.691 41
-0.114 0.957 9.73 40
-0.114 0.919 9.691 40
-0.095 0.976 9.615 40
-0.114 1.015 9.634 40
-0.134 0.957 9.71 40
-0.134 0.976 9.691 41
-0.134 0.995 9.71 40
-0.114 0.957 9.672 41
-0.114 0.995 9.71 39
-0.153 0.995 9.691 40
-0.057 0.976 9.595 40
-0.076 0.976 9.615 40
-0.229 1.015 9.71 41
-0.287 1.11 9.672 40
-0.287 1.091 9.71 40
-0.287 1.053 9.73 40
-0.268 1.053 9.71 40
-0.21 1.053 9.691 40
-0.21 1.034 9.634 40
-0.21 1.053 9.595 41
-0.21 0.976 9.653 40
-0.191 1.015 9.672 40
-0.172 0.995 9.71 40
-0.191 0.976 9.653 40
-0.229 0.957 9.595 40
-0.229 0.995 9.653 40
-0.229 0.957 9.71 41
-0.191 0.976 9.73 40
-0.172 1.015 9.672 40
-0.095 1.015 9.615 40
-0.153 0.995 9.672 40
-0.172 0.957 9.73 40
-0.153 0.9 9.691 40
-0.248 0.957 9.691 41
-0.268 1.072 9.71 40
-0.268 1.034 9.634 40
-0.21 0.995 9.73 40
-0.21 0.957 9.768 40
-0.248 0.995 9.691 41
-0.191 0.976 9.634 39
-0.153 0.938 9.634 41
-0.229 1.015 9.615 40
-0.248 1.034 9.653 40
-0.21 0.976 9.691 40
-0.229 0.919 9.71 40
-0.229 0.976 9.672 41
-0.287 0.995 9.73 39
-0.344 1.091 9.749 41
-0.268 0.995 9.691 40
-0.229 0.881 9.672 40
-0.21 0.861 9.71 40
-0.21 0.9 9.71 40
-0.153 0.957 9.71 40
-0.172 0.938 9.73 41
-0.134 0.938 9.71 40
-0.21 0.957 9.634 40
-0.268 1.015 9.634 40
-0.229 0.957 9.71 40
-0.191 0.995 9.71 40
-0.153 0.995 9.653 40
-0.191 1.015 9.634 41
-0.172 0.919 9.749 40
-0.153 0.9 9.787 40
-0.191 0.9 9.806 40
-0.172 0.881 9.768 40
-0.172 0.861 9.73 40
-0.172 0.823 9.71 41
-0.153 0.938 9.691 40
-0.172 0.919 9.672 40
-0.172 0.881 9.71 40
-0.172 0.957 9.634 40
-0.172 0.938 9.634 40
-0.191 0.957 9.73 40
-0.21 0.938 9.768 41
-0.172 0.938 9.691 40
-0.21 0.976 9.672 40
-0.229 0.957 9.634 40
-0.21 0.9 9.749 40
-0.172 0.9 9.73 40
-0.172 0.9 9.672 40
-0.114 0.881 9.73 41
-0.134 0.957 9.71 40
-0.134 0.919 9.691 40
-0.172 0.881 9.653 40
-0.191 0.938 9.691 40
-0.21 0.9 9.73 40
-0.172 0.938 9.691 41
-0.134 0.919 9.653 40
-0.191 0.881 9.71 40
-0.153 0.919 9.691 40
-0.248 0.9 9.634 40
-0.268 0.919 9.595 40
-0.287 0.861 9.71 40
-0.306 0.957 9.73 41
-0.248 0.881 9.768 40
-0.191 0.976 9.73 40
-0.172 0.919 9.634 40
-0.095 0.938 9.691 40
-0.114 0.881 9.768 40
-0.134 0.9 9.768 40
-0.095 0.938 9.71 41
-0.153 0.938 9.653 40
-0.153 0.881 9.672 40
-0.134 0.938 9.787 40
-0.114 1.091 9.71 40
-0.095 1.225 9.538 40
-0.057 1.187 9.634 41
-0.019 1.053 9.71 40
-0.172 1.072 9.73 40
-0.191 1.206 9.787 40
-0.153 1.379 9.73 40
-0.229 1.455 9.672 40
-0.306 1.608 9.5 40
-0.363 1.819 9.404 41
-0.44 1.896 9.423 40
-0.44 1.972 9.557 40
-0.325 2.145 9.787 40
-0.402 2.317 9.538 40
-0.344 2.509 9.232 40
-0.517 2.662 9.155 40
-0.497 2.853 9.212 41
-0.727 3.045 9.327 40
-0.881 3.236 9.366 40
-0.842 3.409 9.423 40
-0.823 3.447 9.232 40
-1.015 3.696 9.117 40
-1.072 3.849 8.829 41
-1.11 4.003 8.753 40
-1.11 4.328 8.446 40
-1.149 4.673 8.389 40
-1.015 4.845 8.37 40
-0.861 4.999 8.082 40
-0.67 5.171 7.967 40
-0.478 5.343 7.814 41
-0.593 5.65 7.642 40
-0.383 5.688 7.603 40
-0.287 5.822 7.603 40
-0.172 5.956 7.431 40
-0.172 6.11 7.163 40
-0.191 6.435 7.067 41
-0.114 6.588 6.952 40
0.019 6.665 6.895 40
-0.076 6.799 6.818 40
-0.019 7.01 6.55 41
0.076 7.01 6.378 39
0.095 7.182 6.397 40
0.095 7.374 6.09 41
0.057 7.489 5.88 40
0.134 7.489 5.88 40
0.057 7.776 5.535 40
0.019 7.948 5.343 40
0.038 8.025 5.056 40
-0.019 8.101 4.845 41
-0.038 8.197 4.673 40
0.095 8.35 4.309 40
0.095 8.408 4.118 40
0.21 8.599 3.888 40
0.172 8.542 3.907 40
0.191 8.58 3.696 40
0.172 8.791 3.505 41
0.191 8.925 3.351 40
0.172 9.04 3.275 40
0.191 9.021 3.179 40
0.191 9.059 3.045 40
0.191 9.097 2.738 40
0.268 9.136 2.566 41
0.21 9.155 2.375 40
0.363 9.174 2.164 40
0.402 9.289 1.628 40
0.306 9.366 1.417 40
0.287 9.404 1.34 40
0.248 9.461 1.168 40
0.21 9.308 1.13 41
0.21 9.136 1.742 40
0.191 9.232 1.723 40
0.172 9.232 1.685 40
0.114 9.193 1.781 40
0.134 9.232 1.628 40
0.191 9.327 1.704 40
0.191 9.327 1.8 41
0.134 9.327 1.781 40
0.076 9.404 1.685 40
0.095 9.366 1.685 40
0.172 9.346 1.819 40
0.229 9.366 1.8 40
0.248 9.308 1.781 41
0.248 9.327 1.781 40
0.191 9.346 1.589 40
0.134 9.289 1.57 40
0.191 9.327 1.742 41
0.229 9.385 1.647 39
0.229 9.423 1.493 41
0.191 9.385 1.57 40
0.248 9.346 1.608 40
0.325 9.442 1.608 40
0.325 9.385 1.647 40
0.268 9.308 1.57 40
0.268 9.346 1.551 40
0.248 9.346 1.493 40
0.248 9.346 1.608 40
0.248 9.346 1.608 41
0.248 9.366 1.57 40
0.287 9.385 1.513 40
0.268 9.327 1.704 40
0.248 9.385 1.647 40
0.248 9.366 1.685 40
0.268 9.385 1.647 41
0.229 9.366 1.57 40
0.229 9.366 1.551 40
0.248 9.308 1.551 40
0.248 9.366 1.455 40
0.21 9.366 1.493 40
0.229 9.346 1.57 41
0.268 9.404 1.57 40
0.287 9.366 1.647 40
0.248 9.404 1.647 40
0.248 9.5 1.647 40
0.268 9.461 1.608 40
0.248 9.346 1.589 40
0.229 9.346 1.647 41
0.268 9.366 1.589 40
0.248 9.366 1.513 40
0.268 9.385 1.474 40
0.248 9.385 1.608 40
0.268 9.404 1.57 40
0.306 9.442 1.493 40
0.287 9.423 1.551 40
0.268 9.442 1.436 41
0.248 9.423 1.417 40
0.268 9.366 1.379 40
0.229 9.404 1.321 40
0.268 9.519 1.187 41
0.325 9.481 1.187 40
0.363 9.442 1.13 40
0.459 9.404 1.091 40
0.383 9.461 1.187 40
0.268 9.442 1.149 40
0.268 9.442 1.091 40
0.172 9.442 1.149 40
0.21 9.519 1.015 40
0.21 9.442 1.015 41
0.229 9.481 0.957 40
0.229 9.538 0.957 40
0.191 9.557 0.842 40
0.229 9.576 0.823 40
0.268 9.576 0.842 40
0.248 9.557 0.861 40
0.248 9.557 0.785 41
0.21 9.481 0.823 40
0.248 9.519 0.804 40
0.229 9.538 0.689 40
0.21 9.5 0.632 41
0.21 9.5 0.651 40
0.268 9.595 0.651 40
0.248 9.595 0.766 40
0.229 9.595 0.708 40
0.21 9.595 0.612 40
0.21 9.5 0.746 40
0.191 9.519 0.689 40
0.153 9.481 0.593 40
0.134 9.423 0.593 40
0.134 9.461 0.517 40
0.134 9.461 0.593 41
0.172 9.5 0.574 40
0.172 9.5 0.593 40
0.172 9.538 0.555 40
0.095 9.5 0.593 41
0.076 9.5 0.536 40
0.095 9.519 0.421 40
0.114 9.519 0.459 40
0.134 9.5 0.497 40
0.172 9.5 0.44 40
0.134 9.481 0.536 40
0.153 9.481 0.459 40
0.172 9.538 0.478 40
0.191 9.557 0.44 40
0.114 9.519 0.555 41
0.095 9.557 0.497 40
0.134 9.557 0.497 40
0.172 9.5 0.497 40
0.114 9.519 0.497 40
0.114 9.576 0.555 40
0.114 9.519 0.612 40
0.134 9.557 0.459 41
0.134 9.5 0.517 40
0.172 9.557 0.593 40
0.172 9.595 0.632 40
0.153 9.576 0.689 40
0.134 9.576 0.67 40
0.134 9.557 0.651 41
0.172 9.538 0.727 40
0.21 9.557 0.689 40
0.191 9.5 0.689 40
0.191 9.481 0.727 40
0.191 9.519 0.67 40
0.134 9.538 0.766 41
0.172 9.538 0.708 40
0.172 9.538 0.766 40
0.172 9.538 0.632 40
0.172 9.538 0.651 40
0.153 9.538 0.651 40
0.172 9.538 0.651 40
0.191 9.5 0.67 41
0.172 9.519 0.67 40
0.21 9.481 0.651 40
0.172 9.557 0.612 40
0.191 9.538 0.727 40
0.21 9.5 0.593 40
0.153 9.442 0.536 40
0.191 9.557 0.593 40
0.172 9.615 0.708 40
0.172 9.672 0.9 41
-0.153 9.921 -0.325 40
-0.363 9.979 -1.283 40
-0.344 9.825 -1.149 40
-0.268 9.538 -1.187 40
-0.306 9.423 -1.493 40
-0.44 9.289 -1.972 41
-0.344 9.251 -2.183 40
-0.229 9.251 -2.432 40
-0.248 9.27 -3.275 40
-0.632 8.714 -2.221 40
-0.478 8.887 -2.662 40
-0.248 9.078 -3.083 40
-0.038 9.481 -2.853 41
0.038 9.002 -3.83 40
-0.114 8.714 -4.884 40
0.344 9.251 -4.865 40
0.172 7.776 -5.114 40
0.517 8.082 -5.956 40
0.459 7.527 -6.971 40
0.325 6.971 -7.584 41
0.229 6.665 -7.469 40
-0.019 6.301 -7.603 40
-0.172 5.822 -7.987 40
-0.038 5.439 -8.14 40
-0.268 4.96 -8.408 40
-0.172 4.596 -8.599 40
-0.076 4.405 -8.81 41
-0.095 4.003 -8.829 42
-0.038 3.677 -9.212 38
-0.248 3.294 -9.366 40
-0.344 3.179 -9.576 40
-0.287 2.873 -9.557 40
-0.21 2.738 -9.538 40
-0.21 2.585 -9.825 41
-0.402 2.279 -10.17 40
-0.44 1.896 -9.787 40
-0.555 1.685 -9.232 40
-0.459 1.379 -9.097 40
-0.21 0.593 -9.481 41
-0.153 0.421 -9.461 40
-0.153 0.268 -9.691 40
-0.287 0.057 -10.132 40
-0.421 0.038 -9.768 40
-0.421 -0.038 -9.864 40
-0.517 -0.229 -10.132 41
-0.67 -0.268 -10.4 39
-0.517 -0.21 -10.496 40
-0.172 -0.134 -10.189 41
0.114 0.038 -9.902 40
0.153 0.287 -9.94 40
0.229 0.402 -10.017 40
0.21 0.708 -10.074 40
0.325 0.651 -10.113 40
0.536 0.478 -9.979 40
0.517 0.191 -9.825 41
0.344 0.153 -9.959 40
0.153 0.095 -10.113 40
0.095 0.057 -10.093 40
0.172 -0.038 -9.825 40
0.134 0.114 -9.442 40
0.344 0.421 -9.557 40
0.517 0.881 -9.768 41
0.804 1.015 -9.749 40
0.995 1.244 -9.519 40
1.034 1.436 -9.73 40
1.053 1.532 -10.438 40
1.11 1.934 -9.308 40
1.264 2.24 -9.423 41
1.206 2.106 -9.481 40
1.13 2.298 -9.078 40
1.8 2.624 -9.193 40
1.723 3.122 -9.174 40
1.8 3.294 -9.346 41
2.087 3.294 -9.097 40
2.375 3.332 -8.868 40
2.432 2.93 -8.944 40
2.7 2.815 -9.021 40
3.179 2.815 -9.538 41
3.16 2.93 -8.925 40
2.892 3.102 -8.676 40
2.758 3.083 -8.963 40
2.758 3.409 -8.925 40
2.949 3.026 -9.059 40
2.585 2.987 -9.232 40
2.604 3.083 -9.155 40
1.819 2.873 -9.327 41
1.379 2.681 -9.5 40
1.034 2.834 -9.442 40
0.804 2.949 -9.423 40
0.804 2.279 -9.634 40
0.766 2.183 -9.461 40
0.804 2.202 -9.193 40
1.034 2.413 -9.461 41
1.11 2.585 -9.71 40
0.995 2.509 -9.749 39
0.881 2.317 -9.672 40
0.842 2.145 -9.595 40
0.746 2.164 -9.576 41
0.689 2.279 -9.519 40
0.593 2.489 -9.576 40
0.593 2.336 -9.653 40
0.44 2.317 -9.653 40
0.287 2.068 -9.634 40
0.21 2.03 -9.73 41
0.383 2.03 -9.672 40
0.632 1.953 -9.615 40
0.593 2.145 -9.71 40
1.091 1.551 -9.442 40
1.704 1.762 -9.27 40
2.164 2.183 -9.232 41
2.489 2.164 -9.327 40
2.336 2.145 -9.442 40
2.164 2.126 -9.634 40
1.8 2.24 -9.366 40
1.398 2.336 -9.959 41
0.919 2.164 -9.921 40
0.842 1.857 -9.615 40
0.861 1.666 -9.595 40
0.881 1.8 -9.672 40
1.053 1.934 -9.787 40
1.072 2.03 -9.71 40
0.995 1.742 -9.576 41
1.034 1.647 -9.672 40
1.379 1.991 -9.002 40
1.474 2.183 -9.078 40
1.666 2.011 -9.308 40
1.551 1.934 -8.14 40
1.57 1.819 -8.619 40
1.359 1.455 -9.308 40
0.823 1.379 -9.672 40
0.919 1.379 -9.634 40
0.689 1.551 -9.634 41
0.632 1.436 -9.787 40
0.536 1.398 -9.844 40
0.421 1.398 -9.691 40
0.248 1.359 -9.691 40
0.612 1.11 -10.055 40
-0.019 0.976 -10.036 41
0.076 1.072 -10.093 40
0.038 1.034 -9.825 40
-0.172 0.938 -10.074 40
-0.134 0.842 -9.749 40
-0.076 0.746 -9.806 40
-0.134 0.612 -9.806 41
-0.134 0.612 -9.768 40
-0.172 0.517 -9.806 40
-0.248 0.593 -9.73 40
-0.344 0.459 -9.768 41
-0.574 0.306 -10.017 40
-0.766 0.21 -10.036 40
-0.708 0.651 -9.844 40
-0.746 0.555 -9.998 40
-0.957 0.478 -9.883 40
-0.881 0.268 -9.94 40
-0.842 0.229 -9.902 40
-1.015 0.076 -9.768 41
-1.034 0.019 -9.883 40
-0.976 -0.172 -9.94 40
-1.034 -0.229 -9.979 40
-0.957 -0.325 -9.806 40
-0.823 -0.881 -10.055 40
-1.015 -0.823 -10.113 41
-0.938 -0.9 -10.036 40
-0.689 -1.666 -9.864 40
-0.536 -1.972 -9.71 40
-0.268 -2.394 -9.634 40
-0.114 -2.949 -9.481 40
0.191 -3.677 -9.155 40
0.306 -3.964 -9.136 41
0.383 -4.577 -8.983 40
0.383 -5.018 -8.561 40
0.497 -5.458 -8.37 40
0.536 -5.937 -8.006 40
0.44 -6.397 -7.642 40
0.593 -6.627 -7.374 40
0.517 -7.029 -6.933 40
0.612 -7.565 -6.378 40
0.67 -7.814 -5.995 41
0.708 -8.063 -5.592 40
0.67 -8.331 -5.267 40
0.727 -8.485 -4.999 40
0.785 -8.542 -4.558 40
0.766 -8.848 -4.29 40
0.785 -8.906 -3.983 41
0.727 -8.944 -3.869 40
0.632 -8.944 -3.754 40
0.67 -9.059 -3.562 40
0.612 -9.097 -3.39 41
0.555 -9.078 -3.083 40
0.383 -9.002 -3.294 40
0.574 -9.251 -3.485 40
0.402 -9.232 -3.428 40
0.402 -9.251 -3.275 40
0.325 -9.232 -3.236 40
0.248 -9.193 -3.083 41
0.191 -9.232 -2.834 40
0.248 -9.289 -2.604 40
0.268 -9.289 -2.547 40
0.287 -9.346 -2.489 40
0.325 -9.442 -2.413 40
0.363 -9.461 -2.26 40
0.44 -9.461 -2.279 41
0.44 -9.481 -2.183 40
0.517 -9.519 -2.26 40
0.402 -9.423 -2.164 40
0.383 -9.481 -2.317 40
0.478 -9.576 -2.355 40
0.421 -9.481 -2.413 40
0.478 -9.519 -2.375 40
0.517 -9.481 -2.585 40
0.421 -9.461 -2.298 41
0.536 -9.615 -2.087 40
0.44 -9.538 -1.915 40
0.421 -9.557 -1.934 40
0.306 -9.481 -1.857 40
0.306 -9.481 -1.915 41
0.306 -9.481 -1.972 40
0.344 -9.519 -2.011 40
0.363 -9.519 -2.03 40
0.363 -9.442 -2.106 40
0.306 -9.481 -1.915 40
0.44 -9.576 -2.087 40
0.325 -9.538 -1.934 40
0.478 -9.576 -1.972 40
0.478 -9.5 -2.011 41
0.402 -9.5 -1.838 40
0.517 -9.557 -2.049 40
0.402 -9.423 -2.011 40
0.421 -9.5 -1.934 40
0.344 -9.519 -1.877 40
0.44 -9.519 -1.896 41
0.421 -9.557 -1.762 40
0.497 -9.5 -1.953 40
0.421 -9.442 -2.03 40
0.363 -9.519 -2.087 40
0.44 -9.538 -2.183 40
0.402 -9.5 -2.145 40
0.402 -9.519 -2.145 41
0.383 -9.5 -2.03 40
0.363 -9.461 -2.011 40
0.344 -9.481 -2.011 40
0.363 -9.519 -2.03 41
0.44 -9.519 -2.011 39
0.44 -9.519 -1.953 41
0.44 -9.519 -1.953 40
0.478 -9.557 -1.991 40
0.402 -9.557 -1.915 40
0.421 -9.538 -1.915 40
0.44 -9.538 -1.953 41
0.44 -9.538 -1.877 40
0.459 -9.576 -1.934 40
0.383 -9.557 -1.857 40
0.402 -9.519 -1.896 40
0.402 -9.538 -1.8 40
0.459 -9.595 -1.819 41
0.383 -9.519 -1.953 40
0.306 -9.538 -1.972 40
0.421 -9.634 -1.953 40
0.459 -9.538 -1.819 40
0.555 -9.595 -1.723 41
0.459 -9.519 -1.647 40
0.478 -9.576 -1.589 40
0.497 -9.538 -1.723 40
0.421 -9.557 -1.762 40
0.497 -9.557 -1.781 40
0.459 -9.538 -1.877 40
0.459 -9.595 -1.838 40
0.402 -9.5 -1.781 41
0.363 -9.538 -1.647 40
0.478 -9.538 -1.666 40
0.555 -9.615 -1.877 40
0.478 -9.557 -1.838 40
0.536 -9.519 -1.742 40
0.517 -9.595 -1.877 40
0.497 -9.519 -1.704 40
0.478 -9.5 -1.628 40
0.44 -9.5 -1.647 41
0.44 -9.5 -1.666 40
0.459 -9.538 -1.723 40
0.44 -9.576 -1.8 40
0.421 -9.519 -1.685 41
0.497 -9.595 -1.723 40
0.478 -9.595 -1.742 40
0.44 -9.576 -1.685 40
0.478 -9.576 -1.742 40
0.402 -9.595 -1.628 41
0.363 -9.538 -1.474 39
0.497 -9.557 -1.685 40
0.402 -9.519 -1.628 41
0.421 -9.557 -1.666 40
0.402 -9.595 -1.8 40
0.287 -9.557 -1.723 40
0.383 -9.538 -1.647 40
0.383 -9.595 -1.608 40
0.383 -9.557 -1.513 40
0.402 -9.557 -1.57 41
0.363 -9.576 -1.589 40
0.44 -9.595 -1.647 40
0.459 -9.615 -1.704 40
0.402 -9.595 -1.628 40
0.402 -9.615 -1.589 40
0.44 -9.615 -1.589 40
0.402 -9.595 -1.647 41
0.44 -9.634 -1.704 39
0.44 -9.615 -1.628 40
0.44 -9.595 -1.742 41
0.67 -9.442 -1.628 40
0.44 -9.346 -1.819 40
0.497 -9.423 -2.03 40
0.421 -9.73 -1.647 40
0.383 -9.844 -0.689 40
0.44 -9.768 0.095 40
0.268 -9.653 0.229 41
0.21 -9.634 0.268 40
0.248 -9.672 0.325 40
0.344 -9.768 0.363 40
0.344 -9.768 0.325 40
0.287 -9.519 0.612 40
0.421 -9.251 0.861 41
0.689 -9.193 0.957 40
1.053 -9.442 2.221 40
1.11 -9.078 2.834 40
1.13 -8.829 2.873 40
1.532 -8.753 3.122 40
1.57 -8.485 3.16 40
2.068 -8.331 3.792 41
2.413 -8.025 4.367 41
2.738 -8.082 4.443 40
2.968 -7.776 4.73 39
3.639 -8.312 5.114 40
3.658 -7.718 6.014 40
2.968 -6.799 6.244 40
2.604 -6.339 7.431 41
2.355 -5.841 7.278 40
2.087 -4.865 8.312 40
1.474 -4.328 8.389 40
0.325 -3.792 7.144 40
1.474 -3.6 9.806 40
2.528 -1.647 10.438 40
2.777 -1.628 9.346 40
2.298 -1.34 9.327 41
1.666 -0.823 9.423 40
2.03 -0.306 9.212 40
1.8 -0.172 9.059 40
1.11 -0.153 9.423 40
1.283 -0.306 9.519 40
1.206 -0.21 9.595 41
1.225 -0.095 9.634 40
1.149 0.076 9.844 40
1.091 0.248 9.71 40
1.168 0.44 9.73 40
-0.172 0.804 10.4 44
0.421 0.881 10.093 36
0.861 1.053 9.653 41
0.842 0.689 9.615 40
0.363 0.517 9.672 40
0.593 0.689 9.653 40
0.612 0.804 9.634 40
0.344 0.9 9.634 40
0.478 0.881 9.538 40
0.344 0.861 9.825 41
0.421 1.053 9.864 40
0.478 0.957 9.787 40
0.67 0.881 9.749 40
0.612 0.9 9.71 40
0.651 0.823 9.749 40
0.593 0.842 9.806 40
0.574 0.881 9.768 41
0.555 0.957 9.653 40
0.536 1.053 9.557 40
0.517 1.072 9.5 40
0.478 1.015 9.461 40
0.517 0.995 9.595 40
0.478 0.919 9.73 41
0.44 0.938 9.768 41
0.421 0.957 9.902 39
0.383 0.9 9.844 40
0.44 0.938 9.768 40
0.383 0.919 9.615 40
0.44 0.861 9.768 41
0.555 0.861 9.634 40
0.497 0.881 9.557 40
0.459 0.957 9.691 40
0.421 0.995 9.576 40
0.402 0.995 9.576 41
0.325 0.995 9.653 40
0.344 0.995 9.73 40
0.306 0.995 9.73 40
0.287 0.976 9.71 40
0.363 1.015 9.73 40
0.363 1.072 9.691 40
0.363 1.015 9.768 41
0.363 0.938 9.691 40
0.344 0.957 9.749 40
0.383 1.053 9.691 40
0.363 1.034 9.615 40
0.248 1.053 9.634 40
0.248 1.072 9.595 40
0.268 1.034 9.653 41
0.248 0.957 9.653 40
0.287 0.9 9.71 40
0.287 0.995 9.749 40
0.248 1.015 9.71 40
0.191 1.015 9.653 40
0.191 1.11 9.595 40
0.21 1.091 9.653 40
0.229 1.11 9.653 41
0.21 1.11 9.615 40
0.248 1.072 9.653 40
0.287 1.015 9.634 40
0.248 0.995 9.672 40
0.287 0.995 9.73 40
0.287 0.957 9.691 40
0.21 0.995 9.538 41
0.268 1.034 9.595 40
0.229 1.053 9.691 40
0.229 1.015 9.672 40
0.21 1.015 9.73 40
0.229 0.995 9.73 40
0.21 0.995 9.749 41
0.21 1.034 9.768 40
0.229 1.034 9.672 40
0.191 1.053 9.691 40
0.21 1.11 9.71 40
0.21 1.13 9.672 40
0.172 1.149 9.691 40
0.21 1.11 9.691 41
0.21 1.11 9.653 40
0.191 1.072 9.691 40
0.172 1.053 9.653 40
0.191 1.091 9.653 40
0.134 1.11 9.691 40
0.114 1.072 9.749 40
0.134 1.072 9.691 41
0.134 1.015 9.691 40
0.134 1.015 9.691 40
0.172 1.072 9.71 40
0.095 1.091 9.672 40
0.114 1.091 9.634 40
0.019 1.13 9.653 40
0.019 1.11 9.71 40
0.057 1.072 9.71 41
0.057 1.091 9.634 40
0.019 1.13 9.672 40
0.0 1.168 9.615 40
0.038 1.13 9.634 40
0.0 1.11 9.768 40
-0.019 1.13 9.787 40
-0.057 1.072 9.787 40
-0.019 1.11 9.672 40
0.0 1.11 9.71 41
-0.038 1.168 9.691 40
-0.057 1.13 9.71 40
-0.038 1.091 9.71 40
-0.038 1.11 9.73 40
-0.057 1.149 9.615 40
-0.038 1.13 9.672 40
-0.095 1.187 9.634 41
-0.019 1.149 9.615 40
-0.076 1.091 9.749 40
-0.019 1.072 9.73 40
0.0 1.149 9.672 40
-0.057 1.11 9.672 40
-0.076 1.168 9.71 40
-0.057 1.149 9.615 41
-0.076 1.13 9.615 40
-0.095 1.13 9.595 40
-0.057 1.168 9.71 40
0.019 1.149 9.653 40
0.038 0.957 9.634 40
-0.019 1.168 9.71 40
-0.038 1.187 9.768 41
-0.076 0.957 9.595 40
0.134 0.976 9.768 40
0.153 0.746 9.73 40
0.019 0.746 9.825 40
0.057 0.785 9.634 40
0.114 0.919 9.653 40
0.0 0.957 9.595 41
0.057 0.976 9.73 40
0.038 0.919 9.73 40
0.038 0.938 9.787 40
0.019 0.938 9.787 40
-0.019 1.015 9.672 41
-0.038 1.034 9.73 40
-0.095 1.034 9.768 40
-0.095 0.995 9.71 40
0.038 1.053 9.557 40
0.114 1.149 9.5 40
0.114 1.091 9.653 40
-0.076 1.034 9.71 40
-0.057 1.015 9.749 40
-0.019 0.957 9.844 40
0.076 0.9 9.768 41
0.114 1.072 9.653 40
0.057 1.206 9.672 40
-0.038 1.283 9.691 40
-0.038 1.321 9.653 40
-0.057 1.264 9.672 40
-0.057 1.13 9.576 41
0.0 0.995 9.385 40
-0.057 1.13 9.538 40
-0.21 1.11 9.883 40
-0.421 1.13 9.71 40
-0.363 1.283 9.844 40
-0.248 1.225 9.691 40
-0.095 1.283 9.71 41
-0.057 1.244 9.653 40
-0.153 1.283 9.615 40
-0.172 1.264 9.634 40
-0.191 1.244 9.615 40
-0.268 1.379 9.653 40
-0.114 1.225 9.634 41
-0.114 1.206 9.576 40
-0.172 1.302 9.615 40
-0.114 1.302 9.653 40
-0.114 1.34 9.634 40
-0.095 1.34 9.653 40
-0.057 1.321 9.557 41
-0.076 1.359 9.615 39
-0.21 1.417 9.634 40
-0.21 1.417 9.672 41
-0.153 1.379 9.634 40
-0.114 1.34 9.615 40
-0.153 1.359 9.557 40
-0.134 1.398 9.595 40
-0.153 1.436 9.538 40
-0.21 1.436 9.576 41
-0.153 1.379 9.615 40
-0.191 1.34 9.672 40
-0.191 1.302 9.653 40
-0.114 1.34 9.634 40
-0.134 1.302 9.595 41
-0.134 1.264 9.615 39
-0.134 1.321 9.595 41
-0.134 1.34 9.576 40
-0.248 1.398 9.557 40
-0.383 1.283 9.691 40
-0.172 1.417 9.615 40
-0.172 1.417 9.538 40
-0.229 1.455 9.557 41
-0.229 1.398 9.576 40
-0.191 1.417 9.576 40
-0.153 1.398 9.576 40
-0.191 1.321 9.557 40
-0.191 1.321 9.576 40
-0.21 1.321 9.576 40
-0.153 1.321 9.595 41
-0.325 1.359 9.634 40
-0.383 1.398 9.73 40
-0.497 1.302 9.442 40
-0.44 1.149 9.615 40
-0.363 1.015 9.71 40
-0.287 1.149 9.787 41
-0.325 1.264 9.71 40
-0.383 1.321 9.71 40
-0.287 1.13 9.461 40
-0.287 1.091 9.71 40
-0.229 1.187 9.864 40
-0.268 1.244 9.749 40
-0.153 1.302 9.576 41
-0.134 1.244 9.672 40
-0.191 1.187 9.423 40
-0.172 1.225 9.481 40
-0.229 1.264 9.595 40
-0.268 1.244 9.634 40
-0.268 1.283 9.672 41
-0.287 1.302 9.768 40
-0.229 1.359 9.672 40
-0.229 1.34 9.653 40
-0.287 1.225 9.576 40
-0.306 1.283 9.538 40
-0.306 1.283 9.5 40
-0.248 1.225 9.519 41
-0.325 1.321 9.634 40
-0.268 1.321 9.634 40
-0.287 1.264 9.825 40
-0.268 1.225 9.864 40
-0.287 1.283 9.825 40
-0.363 1.264 9.768 41
-0.325 1.187 9.691 40
-0.306 1.149 9.615 40
-0.306 1.168 9.538 40
-0.268 1.244 9.5 40
-0.363 1.264 9.615 40
-0.363 1.264 9.653 40
-0.306 1.149 9.672 41
-0.287 1.187 9.691 40
-0.229 1.206 9.73 40
-0.268 1.244 9.749 40
-0.325 1.264 9.787 40
-0.287 1.206 9.653 40
-0.287 1.149 9.634 40
-0.287 1.168 9.615 41
-0.344 1.13 9.576 40
-0.325 1.11 9.691 40
-0.287 1.072 9.71 40
-0.287 1.091 9.749 40
-0.383 1.168 9.691 40
-0.344 1.168 9.71 41
-0.363 1.149 9.73 40
-0.306 1.149 9.634 40
-0.344 1.11 9.691 40
-0.383 1.168 9.672 40
-0.287 1.206 9.615 40
-0.325 1.168 9.615 40
-0.306 1.187 9.595 41
-0.325 1.149 9.615 40
-0.325 1.168 9.653 40
-0.363 1.187 9.653 40
-0.287 1.149 9.595 40
-0.306 1.187 9.653 40
-0.363 1.168 9.653 41
-0.306 1.187 9.576 40
-0.268 1.11 9.634 40
-0.344 1.072 9.672 40
-0.306 1.168 9.672 40
-0.306 1.225 9.71 40
-0.363 1.302 9.346 40
-0.44 1.187 9.5 41
-0.344 1.168 9.538 40

# Completed @Sat Jul 02 13:47:15 EDT 2016
