PRT4	0
1.89	-0.23	-0.44
						2016-07-05 04:02:44
0.730	0.035	0.660	1.93	1.01	-0.48
0.730	0.035	0.656	1.93	0.95	-0.51
0.730	0.035	0.660	1.98	0.98	-0.51
0.727	0.035	0.660	1.95	0.99	-0.46
0.727	0.035	0.656	2.00	0.98	-0.50
0.727	0.035	0.656	1.92	0.98	-0.45
0.727	0.035	0.656	1.77	0.80	-0.52
0.730	0.035	0.660	1.94	0.95	-0.49
0.730	0.035	0.660	2.00	1.01	-0.46
0.730	0.035	0.660	1.98	0.96	-0.47
0.730	0.035	0.660	1.97	0.97	-0.48
0.727	0.035	0.656	1.98	0.96	-0.45
0.730	0.035	0.660	1.99	0.98	-0.49
0.730	0.035	0.660	2.00	0.99	-0.47
0.730	0.035	0.656	1.99	0.98	-0.51
0.727	0.035	0.660	1.95	0.99	-0.47
0.730	0.035	0.660	1.99	1.02	-0.45
0.730	0.035	0.656	1.99	1.01	-0.46
0.727	0.035	0.660	1.95	1.01	-0.48
0.730	0.035	0.656	1.93	1.01	-0.48
0.730	0.035	0.660	2.00	0.96	-0.50
0.730	0.035	0.660	1.98	0.95	-0.45
0.727	0.035	0.660	1.88	0.81	-0.47
0.730	0.039	0.656	1.80	0.73	-0.48
0.730	0.035	0.656	1.62	0.53	-0.48
0.730	0.035	0.660	1.99	0.98	-0.49
0.730	0.035	0.660	2.02	1.01	-0.45
0.730	0.035	0.660	2.00	1.02	-0.47
0.730	0.035	0.660	2.00	1.05	-0.48
0.730	0.035	0.656	2.05	1.09	-0.52
0.730	0.035	0.660	2.02	1.06	-0.47
0.730	0.035	0.656	2.00	1.08	-0.51
0.727	0.035	0.660	2.05	1.01	-0.48
0.730	0.039	0.660	1.99	0.99	-0.46
0.730	0.039	0.660	1.97	1.01	-0.45
0.730	0.035	0.660	2.00	1.01	-0.49
0.730	0.035	0.656	2.07	1.05	-0.58
0.730	0.039	0.660	2.01	1.02	-0.50
0.730	0.035	0.660	2.01	1.01	-0.53
0.730	0.035	0.660	2.01	1.01	-0.47
0.730	0.035	0.660	1.99	0.97	-0.48
0.730	0.035	0.656	2.00	1.04	-0.49
0.727	0.035	0.660	1.99	1.07	-0.45
0.730	0.035	0.656	1.99	0.98	-0.41
0.730	0.039	0.656	1.99	0.97	-0.50
0.730	0.035	0.660	2.00	1.01	-0.48
0.730	0.035	0.660	1.96	1.00	-0.48
0.730	0.035	0.660	1.96	1.01	-0.46
0.730	0.035	0.656	1.98	1.00	-0.45
0.730	0.035	0.660	2.00	0.99	-0.51
0.730	0.039	0.656	2.00	1.01	-0.49
0.730	0.035	0.656	2.01	1.03	-0.46
0.730	0.035	0.660	2.03	0.95	-0.49
0.730	0.035	0.660	2.04	0.98	-0.52
0.730	0.035	0.660	2.07	1.05	-0.47
0.727	0.035	0.656	2.07	1.04	-0.51
0.730	0.035	0.656	1.98	0.95	-0.49
0.727	0.035	0.660	1.88	0.83	-0.50
0.730	0.035	0.660	1.92	0.92	-0.50
0.730	0.035	0.660	1.99	0.98	-0.50
0.730	0.039	0.656	1.98	1.02	-0.50
0.730	0.035	0.660	1.98	1.03	-0.52
0.727	0.035	0.656	2.00	1.00	-0.46
0.730	0.035	0.660	2.02	0.97	-0.41
0.730	0.035	0.656	2.00	1.02	-0.45
0.730	0.035	0.660	2.01	1.04	-0.47
0.730	0.035	0.660	2.01	0.99	-0.48
0.727	0.035	0.660	1.99	1.06	-0.46
0.727	0.035	0.660	2.02	1.00	-0.46
0.730	0.035	0.660	2.00	0.99	-0.47
0.730	0.035	0.660	2.00	1.00	-0.48
0.730	0.035	0.660	2.00	1.01	-0.50
0.730	0.039	0.656	2.00	1.00	-0.49
0.730	0.035	0.660	2.04	1.01	-0.50
0.730	0.035	0.660	2.01	1.06	-0.47
0.727	0.039	0.660	2.04	1.02	-0.46
0.730	0.035	0.660	2.03	1.02	-0.46
0.730	0.035	0.660	2.03	0.97	-0.47
0.727	0.035	0.660	1.99	0.96	-0.46
0.332	0.027	0.930	1.99	0.96	-0.47
0.695	0.102	0.605	2.06	1.01	-0.49
0.789	-0.207	0.676	2.05	1.01	-0.49
0.711	0.035	0.680	2.01	1.01	-0.48
0.746	0.039	0.637	2.04	1.00	-0.52
0.734	0.039	0.652	2.01	1.01	-0.48
0.734	0.035	0.656	2.00	1.03	-0.51
0.734	0.035	0.656	2.00	0.91	-0.45
0.453	0.129	0.953	2.02	0.95	-0.45
0.691	0.035	0.438	2.04	1.01	-0.48
0.820	0.098	0.773	2.04	1.09	-0.46
0.875	-0.184	0.535	1.97	0.95	-0.49
0.621	-0.199	0.730	1.92	0.90	-0.52
0.297	-0.195	0.918	1.97	0.96	-0.47
0.289	-0.191	0.867	2.00	0.98	-0.48
0.320	-0.203	0.863	2.00	1.01	-0.47
0.199	-0.113	0.879	1.98	1.01	-0.47
0.582	-0.039	1.043	2.01	1.02	-0.52
0.316	-0.039	0.953	2.00	0.99	-0.45
0.402	-0.035	0.906	2.01	0.93	-0.45
0.422	0.023	0.941	2.02	0.97	-0.47
0.406	-0.020	0.906	1.98	0.96	-0.47
0.395	-0.031	0.910	1.99	1.02	-0.45
						2016-07-05 04:02:56	-0.06
0.359	-0.023	0.914	-2.42	3.53	-5.69
0.363	0.023	0.875	-4.55	2.63	-6.84
0.492	-0.008	0.926	8.66	-2.04	5.78
0.418	0.027	0.879	4.59	0.35	1.87
0.445	0.027	0.883	3.47	-0.14	1.10
0.410	0.023	0.895	2.10	0.94	-0.36
0.387	0.043	0.895	1.52	1.30	-0.95
0.434	0.035	0.922	-18.84	0.99	-20.80
0.484	-0.008	0.934	-51.13	-12.87	-13.19
0.406	-0.047	0.906	-78.37	0.63	23.90
0.332	-0.023	0.918	-48.76	84.05	40.56
0.379	-0.031	0.965	-31.58	84.80	34.85
0.363	-0.023	0.895	15.02	54.67	-28.27
0.379	-0.031	0.891	14.86	27.12	-31.60
0.414	-0.012	0.922	36.87	45.90	-43.08
0.367	0.004	0.875	3.07	-51.09	-35.60
0.406	0.008	0.926	0.10	18.08	-21.44
0.383	0.004	0.887	-4.03	10.01	-44.03
0.395	0.023	0.926	-2.02	-10.79	-29.34
0.383	0.020	0.918	-4.67	-9.11	-19.63
0.363	0.027	0.930	-4.84	7.40	-3.87
0.367	0.031	0.922	6.51	-10.51	3.68
0.375	0.027	0.922	-2.49	-10.20	0.76
0.375	0.035	0.922	2.68	5.78	1.43
0.371	0.031	0.918	5.85	-6.90	-9.37
0.371	0.035	0.922	3.27	-10.05	-7.53
0.379	0.035	0.922	7.21	-5.27	-13.00
0.340	0.031	0.902	2.41	-0.82	-2.61
0.352	0.031	0.926	-2.43	11.69	-8.84
0.359	0.031	0.926	-0.55	3.30	1.22
0.359	0.027	0.922	3.75	1.32	-0.13
0.355	0.035	0.914	-4.51	3.75	-2.29
0.367	0.035	0.918	-15.86	8.14	14.92
0.359	0.039	0.926	-8.32	16.01	12.15
